<-- Copyright Notice: (c) 2016 New Zealand Thoroughbred Racing. -->

MeetingID,Date,JetBet,Track,DayType,MeetingType,Club,MeetingName,TrackCondition,TrackConditionScale,TrackWeather,Rail,RaceID,RaceNumber,RaceGroup,RaceType,Distance,RaceClass,RaceName,Stake,Time,NoAllowances,MinWeight,ClassAge,Class,ClassGender,ClassWeight,RaceTrackCondition,RaceTrackConditionScale,RaceWeather,HorseID,ToteNumber,Barrier,HorseName,Age,Gender,Weight,Finishingposition,Actualtime,Last600mTime,Decimalmargin,Traditionalmargin,Trainer,TrainerLocation,StartingPriceWin,StartingPricePlace,Stake,JockeyName,CarriedWeight,WeightDifference,DomesticRating,HurdlesRating,SteeplesRating,GearWorn,SireID,Sire,DamID,Dam
32141,2005-02-19,2,"Matamata","Other","Race","Matamata RC","RACING MATAMATA 19 FEB","Good",0,"Fine","Out 2 Metres",127067,1,,Flat,1300,"MDN","SLADE FARM MAIDEN",8000.00,12:20:00,"N",,"Unrestricted","Maiden","unrestricted","sw","Good",0,"Fine",238155,1,8,"Guarding Angel (AUS)","4","g",56.00,9,,,4.70," ","Gary Hennessy","Matamata",,,0.00,"Lisa Allpress",56.00,0.00,58,0,0,"",55094,"MARSCAY (AUS) 1979",238116,"ALERTED BY ME (AUS) 1989",
32141,2005-02-19,2,"Matamata","Other","Race","Matamata RC","RACING MATAMATA 19 FEB","Good",0,"Fine","Out 2 Metres",127067,1,,Flat,1300,"MDN","SLADE FARM MAIDEN",8000.00,12:20:00,"N",,"Unrestricted","Maiden","unrestricted","sw","Good",0,"Fine",232142,2,7,"Baja (AUS)","3","g",55.50,1,1.18.17,,," NECK","Chris McNab","Cambridge",,,5000.00,"Leith Innes",55.50,0.00,59,0,0,"",187150,"FLYING SPUR (AUS) 1992",232143,"JOY (AUS) 1993",
32141,2005-02-19,2,"Matamata","Other","Race","Matamata RC","RACING MATAMATA 19 FEB","Good",0,"Fine","Out 2 Metres",127067,1,,Flat,1300,"MDN","SLADE FARM MAIDEN",8000.00,12:20:00,"N",,"Unrestricted","Maiden","unrestricted","sw","Good",0,"Fine",220336,3,6,"Durango Kid","3","g",55.50,2,,,0.30," 1 1/2 LEN","Don Sellwood","Cambridge",,,1600.00,"Andrew Calder",55.50,0.00,58,0,0,"",186281,"SENOR PETE (USA) 1987",117801,"DOUBLE HIGH (NZ) 1988",
32141,2005-02-19,2,"Matamata","Other","Race","Matamata RC","RACING MATAMATA 19 FEB","Good",0,"Fine","Out 2 Metres",127067,1,,Flat,1300,"MDN","SLADE FARM MAIDEN",8000.00,12:20:00,"N",,"Unrestricted","Maiden","unrestricted","sw","Good",0,"Fine",223852,4,1,"Yes Man","3","g",55.50,3,,,1.80," SHORT HEAD","Bryce Tankard","Cambridge",,,800.00,"Reese Jones",55.50,0.00,58,0,0,"",213148,"CAPE CROSS (IRE) 1994",110536,"LAVENDER BLUE (NZ) 1987",
32141,2005-02-19,2,"Matamata","Other","Race","Matamata RC","RACING MATAMATA 19 FEB","Good",0,"Fine","Out 2 Metres",127067,1,,Flat,1300,"MDN","SLADE FARM MAIDEN",8000.00,12:20:00,"N",,"Unrestricted","Maiden","unrestricted","sw","Good",0,"Fine",220216,5,10,"Casual Leon","3","g",55.50,10,,,5.80," ","Graeme Rogerson & Stephen Autridge","Tuhikaramea",,,0.00,"Hayden Tinsley",55.50,0.00,56,0,0,"",173637,"CASUAL LIES (USA) 1989",133266,"ASTEC GOLD (USA) 1984",
32141,2005-02-19,2,"Matamata","Other","Race","Matamata RC","RACING MATAMATA 19 FEB","Good",0,"Fine","Out 2 Metres",127067,1,,Flat,1300,"MDN","SLADE FARM MAIDEN",8000.00,12:20:00,"N",,"Unrestricted","Maiden","unrestricted","sw","Good",0,"Fine",223627,6,5,"Atomic Star","3","g",55.50,5,,,3.20," ","Tim Carter","Cambridge",,,200.00,"Alan Munro",55.50,0.00,51,0,0,"",159452,"EXPLODING PROSPECT (USA) 1986",122055,"DU MARQUIS (NZ) 1988",
32141,2005-02-19,2,"Matamata","Other","Race","Matamata RC","RACING MATAMATA 19 FEB","Good",0,"Fine","Out 2 Metres",127067,1,,Flat,1300,"MDN","SLADE FARM MAIDEN",8000.00,12:20:00,"N",,"Unrestricted","Maiden","unrestricted","sw","Good",0,"Fine",218205,8,11,"Silver Whirl","4","m",54.50,7,,,3.90," ","Karyn McQuade","Matamata",,,0.00,"Mark Sweeney",54.50,0.00,57,0,0,"",38966,"SPECTACULAR LOVE (USA) 1982",169339,"GIVE IT A WHIRL (NZ) 1993",
32141,2005-02-19,2,"Matamata","Other","Race","Matamata RC","RACING MATAMATA 19 FEB","Good",0,"Fine","Out 2 Metres",127067,1,,Flat,1300,"MDN","SLADE FARM MAIDEN",8000.00,12:20:00,"N",,"Unrestricted","Maiden","unrestricted","sw","Good",0,"Fine",213512,9,4,"Mary Page","4","m",54.50,12,,,16.10," ","John Sargent","Matamata",,,0.00,"Bruce Herd",54.50,0.00,50,0,0,"",206057,"ANZIYAN (USA) 1993",37274,"SIERRA SAND (NZ) 1982",
32141,2005-02-19,2,"Matamata","Other","Race","Matamata RC","RACING MATAMATA 19 FEB","Good",0,"Fine","Out 2 Metres",127067,1,,Flat,1300,"MDN","SLADE FARM MAIDEN",8000.00,12:20:00,"N",,"Unrestricted","Maiden","unrestricted","sw","Good",0,"Fine",217011,10,2,"Miss Stephanie","4","m",54.50,8,,,4.40," ","Tony Gillies","Matamata",,,0.00,"Claire Anderton",52.50,2.00,50,0,0,"",194230,"GROOM DANCER (USA) 1984",155900,"NAVRATILOVA (NZ) 1991",
32141,2005-02-19,2,"Matamata","Other","Race","Matamata RC","RACING MATAMATA 19 FEB","Good",0,"Fine","Out 2 Metres",127067,1,,Flat,1300,"MDN","SLADE FARM MAIDEN",8000.00,12:20:00,"N",,"Unrestricted","Maiden","unrestricted","sw","Good",0,"Fine",220348,11,9,"Alltogether","3","f",54.00,6,,,3.50," ","Mark Brosnan","Matamata",,,0.00,"Lisa Cropp",54.00,0.00,55,0,0,"",175309,"STARK SOUTH (USA) 1988",137127,"DEAL IN GOLD (NZ) 1989",
32141,2005-02-19,2,"Matamata","Other","Race","Matamata RC","RACING MATAMATA 19 FEB","Good",0,"Fine","Out 2 Metres",127067,1,,Flat,1300,"MDN","SLADE FARM MAIDEN",8000.00,12:20:00,"N",,"Unrestricted","Maiden","unrestricted","sw","Good",0,"Fine",224465,12,3,"Lisvane Lady","3","f",54.00,4,,,1.90," 1 1/4 LEN","Katrina Alexander","Waipukurau",,,400.00,"Rogan Norvall",54.00,0.00,51,0,0,"",155702,"THE COMMANDER (NZ) 1991",169410,"NELSON POINT (NZ) 1993",
32141,2005-02-19,2,"Matamata","Other","Race","Matamata RC","RACING MATAMATA 19 FEB","Good",0,"Fine","Out 2 Metres",127067,1,,Flat,1300,"MDN","SLADE FARM MAIDEN",8000.00,12:20:00,"N",,"Unrestricted","Maiden","unrestricted","sw","Good",0,"Fine",226448,13,12,"Pentire Lady","3","f",54.00,11,,,7.10," ","Richard Coxon","Matamata",,,0.00,"Cameron Lammas",54.00,0.00,51,0,0,"",193564,"PENTIRE (GB) 1992",213219,"PSYCHOLADY (USA) 1993",
32141,2005-02-19,2,"Matamata","Other","Race","Matamata RC","RACING MATAMATA 19 FEB","Good",0,"Fine","Out 2 Metres",127066,2,,Flat,1400,"INT","MATAMATA SADDLERY 1400",12000.00,12:55:00,"N",,"","","","","Good",0,"Fine",210294,1,2,"Baluchi","5","g",56.00,5,,,2.20," ","Leanne Bertling","Byerley Park",,,300.00,"Lisa Allpress",56.00,0.00,79,0,0,"",179607,"KASHANI (USA) 1990",179161,"JACKIE O' (NZ) 1994",
32141,2005-02-19,2,"Matamata","Other","Race","Matamata RC","RACING MATAMATA 19 FEB","Good",0,"Fine","Out 2 Metres",127066,2,,Flat,1400,"INT","MATAMATA SADDLERY 1400",12000.00,12:55:00,"N",,"","","","","Good",0,"Fine",202719,2,3,"Mister Lee","6","g",56.00,14,,,10.30," ","Diana Walker","Rotorua",,,0.00,"Lisa Cropp",56.00,0.00,78,0,0,"",169947,"DANELOVE (NZ) 1993",143905,"WAVING GLANCE (NZ) 1989",
32141,2005-02-19,2,"Matamata","Other","Race","Matamata RC","RACING MATAMATA 19 FEB","Good",0,"Fine","Out 2 Metres",127066,2,,Flat,1400,"INT","MATAMATA SADDLERY 1400",12000.00,12:55:00,"N",,"","","","","Good",0,"Fine",211109,3,8,"Nyneleven","5","g",56.00,2,,,0.40," LONG NECK","Brent Gillovic","Te Awamutu",,,2400.00,"Reese Jones",56.00,0.00,76,0,0,"",179607,"KASHANI (USA) 1990",133805,"SNOW REASON (NZ) 1988",
32141,2005-02-19,2,"Matamata","Other","Race","Matamata RC","RACING MATAMATA 19 FEB","Good",0,"Fine","Out 2 Metres",127066,2,,Flat,1400,"INT","MATAMATA SADDLERY 1400",12000.00,12:55:00,"N",,"","","","","Good",0,"Fine",216938,4,1,"Terrain","4","g",56.00,4,,,0.90," 1 1/4 LEN","Graeme Rogerson & Stephen Autridge","Tuhikaramea",,,600.00,"Andrew Calder",56.00,0.00,71,0,0,"",200704,"KILIMANJARO (GB) 1995",43586,"TWEED VIEW (NZ) 1983",
32141,2005-02-19,2,"Matamata","Other","Race","Matamata RC","RACING MATAMATA 19 FEB","Good",0,"Fine","Out 2 Metres",127066,2,,Flat,1400,"INT","MATAMATA SADDLERY 1400",12000.00,12:55:00,"N",,"","","","","Good",0,"Fine",239736,6,5,"Farm Hills (AUS)","3","g",55.50,6,,,2.30," ","Chris McNab","Cambridge",,,0.00,"Leith Innes",55.50,0.00,74,0,0,"",159230,"SNIPPETS (AUS) 1984",239737,"FARMINGTON HILLS (AUS) 1996",
32141,2005-02-19,2,"Matamata","Other","Race","Matamata RC","RACING MATAMATA 19 FEB","Good",0,"Fine","Out 2 Metres",127066,2,,Flat,1400,"INT","MATAMATA SADDLERY 1400",12000.00,12:55:00,"N",,"","","","","Good",0,"Fine",221790,7,10,"Sir Slick","3","g",55.50,16,,,41.80," ","Graeme Nicholson","Te Aroha",,,0.00,"Mark Sweeney",55.50,0.00,72,0,0,"",162289,"VOLKSRAAD (GB) 1988",162173,"MISS OPERA (NZ) 1992",
32141,2005-02-19,2,"Matamata","Other","Race","Matamata RC","RACING MATAMATA 19 FEB","Good",0,"Fine","Out 2 Metres",127066,2,,Flat,1400,"INT","MATAMATA SADDLERY 1400",12000.00,12:55:00,"N",,"","","","","Good",0,"Fine",221976,8,9,"Stark Breeze","3","g",55.50,12,,,4.70," ","Katrina Alexander","Waipukurau",,,0.00,"David Walker",55.50,0.00,69,0,0,"",175309,"STARK SOUTH (USA) 1988",170397,"BREEZE ALONG (NZ) 1993",
32141,2005-02-19,2,"Matamata","Other","Race","Matamata RC","RACING MATAMATA 19 FEB","Good",0,"Fine","Out 2 Metres",127066,2,,Flat,1400,"INT","MATAMATA SADDLERY 1400",12000.00,12:55:00,"N",,"","","","","Good",0,"Fine",224142,9,13,"Willy Smith","3","g",55.50,11,,,4.20," ","Richard Dee","Cambridge",,,0.00,"Lynsey Satherley",55.50,0.00,69,0,0,"",162289,"VOLKSRAAD (GB) 1988",136867,"SOUND LEAR (NZ) 1989",
32141,2005-02-19,2,"Matamata","Other","Race","Matamata RC","RACING MATAMATA 19 FEB","Good",0,"Fine","Out 2 Metres",127066,2,,Flat,1400,"INT","MATAMATA SADDLERY 1400",12000.00,12:55:00,"N",,"","","","","Good",0,"Fine",217646,10,6,"Waiana","4","m",54.50,9=,,,4.20," ","Lance O'Sullivan","Matamata",,,0.00,"Alan Munro",54.50,0.00,72,0,0,"",79353,"KAAPSTAD (NZ) 1984",84668,"HINEKAHA (NZ) 1986",
32141,2005-02-19,2,"Matamata","Other","Race","Matamata RC","RACING MATAMATA 19 FEB","Good",0,"Fine","Out 2 Metres",127066,2,,Flat,1400,"INT","MATAMATA SADDLERY 1400",12000.00,12:55:00,"N",,"","","","","Good",0,"Fine",213864,11,11,"Brooklands Bowl","4","m",54.50,9=,,,4.20," ","Warren Bolton","New Plymouth",,,0.00,"Bruce Herd",54.50,0.00,71,0,0,"",16081,"GROSVENOR (NZ) 1979",156669,"PALACE LADY (NZ) 1991",
32141,2005-02-19,2,"Matamata","Other","Race","Matamata RC","RACING MATAMATA 19 FEB","Good",0,"Fine","Out 2 Metres",127066,2,,Flat,1400,"INT","MATAMATA SADDLERY 1400",12000.00,12:55:00,"N",,"","","","","Good",0,"Fine",216023,12,16,"Marwiki","4","m",54.50,7,,,3.00," ","Bob Ritchie","Pukekohe Park",,,0.00,"Buddy Lammas",51.50,3.00,69,0,0,"",174818,"MAROOF (USA) 1990",162827,"WIKI WIKI (NZ) 1992",
32141,2005-02-19,2,"Matamata","Other","Race","Matamata RC","RACING MATAMATA 19 FEB","Good",0,"Fine","Out 2 Metres",127066,2,,Flat,1400,"INT","MATAMATA SADDLERY 1400",12000.00,12:55:00,"N",,"","","","","Good",0,"Fine",213819,13,15,"Quizzy","4","m",54.50,15,,,28.20," ","Bryce Tankard","Cambridge",,,0.00,"Hayden Tinsley",54.50,0.00,69,0,0,"",162289,"VOLKSRAAD (GB) 1988",177691,"BIBI MAIZOON (NZ) 1994",
32141,2005-02-19,2,"Matamata","Other","Race","Matamata RC","RACING MATAMATA 19 FEB","Good",0,"Fine","Out 2 Metres",127066,2,,Flat,1400,"INT","MATAMATA SADDLERY 1400",12000.00,12:55:00,"N",,"","","","","Good",0,"Fine",220817,14,14,"That's Tops","3","f",54.00,1,1.23.74,,," LONG NECK","Mark Walker","Matamata",,,7500.00,"Noel Harris",54.00,0.00,84,0,0,"",185908,"DANASINGA (AUS) 1991",172734,"TRULY TOPS (NZ) 1993",
32141,2005-02-19,2,"Matamata","Other","Race","Matamata RC","RACING MATAMATA 19 FEB","Good",0,"Fine","Out 2 Metres",127066,2,,Flat,1400,"INT","MATAMATA SADDLERY 1400",12000.00,12:55:00,"N",,"","","","","Good",0,"Fine",222408,15,12,"Taat Lass","3","f",54.00,3,,,0.80," 1/2 HEAD","Lance O'Sullivan","Matamata",,,1200.00,"Cameron Lammas",54.00,0.00,72,0,0,"",186666,"FALTAAT (USA) 1990",165974,"KAIMOTO LASS (NZ) 1992",
32141,2005-02-19,2,"Matamata","Other","Race","Matamata RC","RACING MATAMATA 19 FEB","Good",0,"Fine","Out 2 Metres",127066,2,,Flat,1400,"INT","MATAMATA SADDLERY 1400",12000.00,12:55:00,"N",,"","","","","Good",0,"Fine",210809,17,4,"Winter Chill","5","g",56.00,13,,,5.80," ","Tim Ryan","Cambridge",,,0.00,"Rogan Norvall",56.00,0.00,69,0,0,"",199552,"FOUR SEASONS (GB) 1990",168661,"GARNETT COURT (NZ) 1993",
32141,2005-02-19,2,"Matamata","Other","Race","Matamata RC","RACING MATAMATA 19 FEB","Good",0,"Fine","Out 2 Metres",127066,2,,Flat,1400,"INT","MATAMATA SADDLERY 1400",12000.00,12:55:00,"N",,"","","","","Good",0,"Fine",215389,19,7,"Pamela Jay","4","m",54.50,8,,,3.10," ","Tony Gillies","Matamata",,,0.00,"Claire Anderton",52.50,2.00,68,0,0,"",193323,"MUGHTANIM (USA) 1993",175483,"DANCE CURL (NZ) 1994",
32141,2005-02-19,2,"Matamata","Other","Race","Matamata RC","RACING MATAMATA 19 FEB","Good",0,"Fine","Out 2 Metres",127068,3,,Flat,1400,"3YO HCP","RICH HILL THOROUGHBREDS 1400",15000.00,13:30:00,"N",52.00,"3yo","Open","unrestricted","hcp","Good",0,"Fine",220814,1,3,"Spin 'N Grin","3","f",56.00,4,,,2.00," 2 LEN","Mark Walker","Matamata",,,750.00,"Noel Harris",56.00,0.00,87,0,0,"",200242,"SPINNING WORLD (USA) 1993",158296,"SMILE (NZ) 1990",
32141,2005-02-19,2,"Matamata","Other","Race","Matamata RC","RACING MATAMATA 19 FEB","Good",0,"Fine","Out 2 Metres",127068,3,,Flat,1400,"3YO HCP","RICH HILL THOROUGHBREDS 1400",15000.00,13:30:00,"N",52.00,"3yo","Open","unrestricted","hcp","Good",0,"Fine",223961,2,11,"Sista","3","f",55.50,11,,,9.60," ","Graham Richardson & Mark Donoghue","Matamata",,,0.00,"Thomas Russell",55.50,0.00,86,0,0,"",198735,"MAGIC OF SYDNEY (AUS) 1993",193441,"BLISTER (NZ) 1996",
32141,2005-02-19,2,"Matamata","Other","Race","Matamata RC","RACING MATAMATA 19 FEB","Good",0,"Fine","Out 2 Metres",127068,3,,Flat,1400,"3YO HCP","RICH HILL THOROUGHBREDS 1400",15000.00,13:30:00,"N",52.00,"3yo","Open","unrestricted","hcp","Good",0,"Fine",223892,3,4,"Laughing Girl","3","f",53.00,6,,,4.80," ","Graeme Rogerson & Stephen Autridge","Tuhikaramea",,,0.00,"Claire Anderton",51.00,2.00,79,0,0,"",200242,"SPINNING WORLD (USA) 1993",120053,"HILARITY (NZ) 1988",
32141,2005-02-19,2,"Matamata","Other","Race","Matamata RC","RACING MATAMATA 19 FEB","Good",0,"Fine","Out 2 Metres",127068,3,,Flat,1400,"3YO HCP","RICH HILL THOROUGHBREDS 1400",15000.00,13:30:00,"N",52.00,"3yo","Open","unrestricted","hcp","Good",0,"Fine",224805,4,10,"Maloney","3","g",53.00,9,,,7.40," ","Tony Gillies","Matamata",,,0.00,"Bruce Herd",53.00,0.00,79,0,0,"",172521,"O'REILLY (NZ) 1993",150161,"ADONIA (NZ) 1990",
32141,2005-02-19,2,"Matamata","Other","Race","Matamata RC","RACING MATAMATA 19 FEB","Good",0,"Fine","Out 2 Metres",127068,3,,Flat,1400,"3YO HCP","RICH HILL THOROUGHBREDS 1400",15000.00,13:30:00,"N",52.00,"3yo","Open","unrestricted","hcp","Good",0,"Fine",220127,5,2,"Raadisi","3","f",53.00,3,,,1.20," 3/4 LEN","M D Moroney","Matamata",,,1500.00,"Michael Coleman",53.00,0.00,79,0,0,"",162289,"VOLKSRAAD (GB) 1988",206212,"CREMISI (AUS) 1995",
32141,2005-02-19,2,"Matamata","Other","Race","Matamata RC","RACING MATAMATA 19 FEB","Good",0,"Fine","Out 2 Metres",127068,3,,Flat,1400,"3YO HCP","RICH HILL THOROUGHBREDS 1400",15000.00,13:30:00,"N",52.00,"3yo","Open","unrestricted","hcp","Good",0,"Fine",223093,6,8,"Savute","3","g",53.00,2,,,0.80," LONG NECK","Nigel Tiley","Pukekohe",,,3000.00,"Lee Tiley",53.00,0.00,79,0,0,"",186896,"DANZERO (AUS) 1991",219147,"WOLF (AUS) 1992",
32141,2005-02-19,2,"Matamata","Other","Race","Matamata RC","RACING MATAMATA 19 FEB","Good",0,"Fine","Out 2 Metres",127068,3,,Flat,1400,"3YO HCP","RICH HILL THOROUGHBREDS 1400",15000.00,13:30:00,"N",52.00,"3yo","Open","unrestricted","hcp","Good",0,"Fine",223658,7,7,"Rosetti Bay","3","f",53.00,7,,,5.00," ","Robert Priscott","Te Awamutu",,,0.00,"Mark Sweeney",53.00,0.00,78,0,0,"",211629,"PINS (AUS) 1996",9168,"CROWN ROSE (NZ) 1985",
32141,2005-02-19,2,"Matamata","Other","Race","Matamata RC","RACING MATAMATA 19 FEB","Good",0,"Fine","Out 2 Metres",127068,3,,Flat,1400,"3YO HCP","RICH HILL THOROUGHBREDS 1400",15000.00,13:30:00,"N",52.00,"3yo","Open","unrestricted","hcp","Good",0,"Fine",221324,8,1,"Ambrosine","3","f",52.50,5,,,4.00," ","Don Sellwood","Cambridge",,,375.00,"Andrew Calder",52.50,0.00,73,0,0,"",177142,"GOLD BROSE (AUS) 1990",181264,"TINA'S DREAM (USA) 1994",
32141,2005-02-19,2,"Matamata","Other","Race","Matamata RC","RACING MATAMATA 19 FEB","Good",0,"Fine","Out 2 Metres",127068,3,,Flat,1400,"3YO HCP","RICH HILL THOROUGHBREDS 1400",15000.00,13:30:00,"N",52.00,"3yo","Open","unrestricted","hcp","Good",0,"Fine",224792,10,9,"Brave Mariner","3","g",52.00,1,1.23.61,,," 3/4 LEN","Lance Noble","Matamata",,,9375.00,"Cameron Lammas",52.00,0.00,70,0,0,"",185908,"DANASINGA (AUS) 1991",149423,"COURTLY QUEEN (NZ) 1990",
32141,2005-02-19,2,"Matamata","Other","Race","Matamata RC","RACING MATAMATA 19 FEB","Good",0,"Fine","Out 2 Metres",127068,3,,Flat,1400,"3YO HCP","RICH HILL THOROUGHBREDS 1400",15000.00,13:30:00,"N",52.00,"3yo","Open","unrestricted","hcp","Good",0,"Fine",221455,11,5,"Valley Chief","3","g",52.00,10,,,7.60," ","Mark Brosnan","Matamata",,,0.00,"Michelle Wenn",52.00,0.00,70,0,0,"",188893,"COLOMBIA (NZ) 1996",77462,"DAINTY LACE (NZ) 1986",
32141,2005-02-19,2,"Matamata","Other","Race","Matamata RC","RACING MATAMATA 19 FEB","Good",0,"Fine","Out 2 Metres",127068,3,,Flat,1400,"3YO HCP","RICH HILL THOROUGHBREDS 1400",15000.00,13:30:00,"N",52.00,"3yo","Open","unrestricted","hcp","Good",0,"Fine",223692,12,6,"Milena","3","f",52.00,8,,,5.50," ","Jenny & Bob Vance","Ardmore Lodge",,,0.00,"Lisa Cropp",52.00,0.00,69,0,0,"",212688,"STRAVINSKY (USA) 1996",183909,"TRISTEAN (NZ) 1995",
32141,2005-02-19,2,"Matamata","Other","Race","Matamata RC","RACING MATAMATA 19 FEB","Good",0,"Fine","Out 2 Metres",127071,4,,Flat,1600,"OPN HCP","STANLEY CONSTRUCTION 1600",20000.00,14:05:00,"N",52.00,"Unrestricted","Open","unrestricted","hcp","Good",0,"Fine",209957,1,4,"Kristov","5","g",57.00,1,1.35.03,,," 3 1/4 LEN","Phillip Stevens","Matamata",,,12500.00,"Hayden Tinsley",57.00,0.00,102,0,0,"",186277,"SLAVIC (USA) 1987",114798,"SANTA BARBRA (NZ) 1987",
32141,2005-02-19,2,"Matamata","Other","Race","Matamata RC","RACING MATAMATA 19 FEB","Good",0,"Fine","Out 2 Metres",127071,4,,Flat,1600,"OPN HCP","STANLEY CONSTRUCTION 1600",20000.00,14:05:00,"N",52.00,"Unrestricted","Open","unrestricted","hcp","Good",0,"Fine",185715,2,2,"Regal Krona","9","g",56.00,4,,,4.90," LEN","Sheryl & Roger McGlade","Cambridge",,,1000.00,"Michael Coleman",56.00,0.00,100,0,0,"",21107,"KRONA (NZ) 1985",126561,"REGAL CENT (NZ) 1988",
32141,2005-02-19,2,"Matamata","Other","Race","Matamata RC","RACING MATAMATA 19 FEB","Good",0,"Fine","Out 2 Metres",127071,4,,Flat,1600,"OPN HCP","STANLEY CONSTRUCTION 1600",20000.00,14:05:00,"N",52.00,"Unrestricted","Open","unrestricted","hcp","Good",0,"Fine",201739,3,6,"Desert Flight","6","g",55.00,3,,,4.80," 1/2 HEAD","Richard Coxon","Matamata",,,2000.00,"Cameron Lammas",55.00,0.00,98,0,0,"",173332,"DESERT SUN (GB) 1988",12745,"FANTASY FLIGHT (NZ) 1983",
32141,2005-02-19,2,"Matamata","Other","Race","Matamata RC","RACING MATAMATA 19 FEB","Good",0,"Fine","Out 2 Metres",127071,4,,Flat,1600,"OPN HCP","STANLEY CONSTRUCTION 1600",20000.00,14:05:00,"N",52.00,"Unrestricted","Open","unrestricted","hcp","Good",0,"Fine",200155,4,3,"Silvaraad","6","g",55.00,2,,,3.30," 1 1/2 LEN","Brian McKeagg","Tauranga",,,4000.00,"Allan Peard",55.00,0.00,98,0,0,"",162289,"VOLKSRAAD (GB) 1988",37701,"SILVIRA (NZ) 1984",
32141,2005-02-19,2,"Matamata","Other","Race","Matamata RC","RACING MATAMATA 19 FEB","Good",0,"Fine","Out 2 Metres",127071,4,,Flat,1600,"OPN HCP","STANLEY CONSTRUCTION 1600",20000.00,14:05:00,"N",52.00,"Unrestricted","Open","unrestricted","hcp","Good",0,"Fine",201748,6,7,"Double Ar Be","6","g",54.00,6,,,9.60," ","Rick Wells","Ruakaka",,,0.00,"Lee Tiley",54.00,0.00,94,0,0,"",159391,"LOWELL (USA) 1986",90579,"FASHION STAR (NZ) 1986",
32141,2005-02-19,2,"Matamata","Other","Race","Matamata RC","RACING MATAMATA 19 FEB","Good",0,"Fine","Out 2 Metres",127071,4,,Flat,1600,"OPN HCP","STANLEY CONSTRUCTION 1600",20000.00,14:05:00,"N",52.00,"Unrestricted","Open","unrestricted","hcp","Good",0,"Fine",208074,7,1,"Sideto Emdeca","5","m",53.00,5,,,5.90," ","Richard Dee","Cambridge",,,500.00,"Lynsey Satherley",53.00,0.00,91,0,0,"",79353,"KAAPSTAD (NZ) 1984",154217,"OAKFIELDS (NZ) 1991",
32141,2005-02-19,2,"Matamata","Other","Race","Matamata RC","RACING MATAMATA 19 FEB","Good",0,"Fine","Out 2 Metres",127071,4,,Flat,1600,"OPN HCP","STANLEY CONSTRUCTION 1600",20000.00,14:05:00,"N",52.00,"Unrestricted","Open","unrestricted","hcp","Good",0,"Fine",202687,8,5,"Bruschetta","6","m",53.00,7,,,11.80," ","Chris & Colleen Wood","Cambridge",,,0.00,"Lisa Cropp",53.00,0.00,90,0,0,"",151026,"AL AKBAR (AUS) 1990",171301,"HATEPE LADY (NZ) 1993",
32141,2005-02-19,2,"Matamata","Other","Race","Matamata RC","RACING MATAMATA 19 FEB","Good",0,"Fine","Out 2 Metres",127070,5,Listed Race,Flat,1200,"2YO C&G HCP","FAIRVIEW FORD SLIPPER",35000.00,14:45:00,"Y",,"2yo","Open","c&g","hcp","Good",0,"Fine",229536,1,7,"Master Regent","2","c",55.00,3,,,4.30," 1/2 LEN","Bruce Wallace","Byerley Park",,,3500.00,"Allan Peard",55.00,0.00,72,0,0,"",131731,"DEPUTY GOVERNOR (USA) 1984",211627,"LA MARMALADE (AUS) 1992",
32141,2005-02-19,2,"Matamata","Other","Race","Matamata RC","RACING MATAMATA 19 FEB","Good",0,"Fine","Out 2 Metres",127070,5,Listed Race,Flat,1200,"2YO C&G HCP","FAIRVIEW FORD SLIPPER",35000.00,14:45:00,"Y",,"2yo","Open","c&g","hcp","Good",0,"Fine",230461,2,5,"Abbey Drive","2","g",55.00,6,,,7.80," ","Colin Jillings & Richard Yuill","Takanini",,,0.00,"Leith Innes",55.00,0.00,71,0,0,"",87997,"ZABEEL (NZ) 1986",212848,"GRACE AND POWER (IRE) 1997",
32141,2005-02-19,2,"Matamata","Other","Race","Matamata RC","RACING MATAMATA 19 FEB","Good",0,"Fine","Out 2 Metres",127070,5,Listed Race,Flat,1200,"2YO C&G HCP","FAIRVIEW FORD SLIPPER",35000.00,14:45:00,"Y",,"2yo","Open","c&g","hcp","Good",0,"Fine",229052,3,8,"D'Lanach","2","g",55.00,8,,,10.30," ","Katrina Alexander","Waipukurau",,,0.00,"Lisa Cropp",55.00,0.00,71,0,0,"",159452,"EXPLODING PROSPECT (USA) 1986",183046,"TRUE SENSATION (NZ) 1995",
32141,2005-02-19,2,"Matamata","Other","Race","Matamata RC","RACING MATAMATA 19 FEB","Good",0,"Fine","Out 2 Metres",127070,5,Listed Race,Flat,1200,"2YO C&G HCP","FAIRVIEW FORD SLIPPER",35000.00,14:45:00,"Y",,"2yo","Open","c&g","hcp","Good",0,"Fine",229331,4,2,"Be Happy For Us","2","g",55.00,9,,,12.90," ","Kenny Rae","Ruakaka",,,0.00,"Reese Jones",55.00,0.00,70,0,0,"",200260,"SANDTRAP (USA) 1993",183224,"VALLEY POWER (NZ) 1995",
32141,2005-02-19,2,"Matamata","Other","Race","Matamata RC","RACING MATAMATA 19 FEB","Good",0,"Fine","Out 2 Metres",127070,5,Listed Race,Flat,1200,"2YO C&G HCP","FAIRVIEW FORD SLIPPER",35000.00,14:45:00,"Y",,"2yo","Open","c&g","hcp","Good",0,"Fine",230462,5,6,"Darci Brahma","2","c",55.00,1,1.10.34,,," 3 1/2 LEN","Mark Walker","Matamata",,,21875.00,"Hayden Tinsley",55.00,0.00,70,0,0,"",151645,"DANEHILL (USA) 1986",189790,"GRAND ECHEZEAUX (NZ) 1996",
32141,2005-02-19,2,"Matamata","Other","Race","Matamata RC","RACING MATAMATA 19 FEB","Good",0,"Fine","Out 2 Metres",127070,5,Listed Race,Flat,1200,"2YO C&G HCP","FAIRVIEW FORD SLIPPER",35000.00,14:45:00,"Y",,"2yo","Open","c&g","hcp","Good",0,"Fine",230175,6,4,"Danish Counsel","2","g",55.00,4,,,4.80," 1 1/2 LEN","Graeme Rogerson & Stephen Autridge","Tuhikaramea",,,1750.00,"Alan Munro",55.00,0.00,69,0,0,"",151645,"DANEHILL (USA) 1986",110772,"COURT (NZ) 1987",
32141,2005-02-19,2,"Matamata","Other","Race","Matamata RC","RACING MATAMATA 19 FEB","Good",0,"Fine","Out 2 Metres",127070,5,Listed Race,Flat,1200,"2YO C&G HCP","FAIRVIEW FORD SLIPPER",35000.00,14:45:00,"Y",,"2yo","Open","c&g","hcp","Good",0,"Fine",232753,7,9,"Mister Dixie","2","g",55.00,5,,,6.30," ","Don Sellwood","Cambridge",,,875.00,"Noel Harris",55.00,0.00,57,0,0,"",175309,"STARK SOUTH (USA) 1988",204185,"CALIFORNIA JEWEL (NZ) 1998",
32141,2005-02-19,2,"Matamata","Other","Race","Matamata RC","RACING MATAMATA 19 FEB","Good",0,"Fine","Out 2 Metres",127070,5,Listed Race,Flat,1200,"2YO C&G HCP","FAIRVIEW FORD SLIPPER",35000.00,14:45:00,"Y",,"2yo","Open","c&g","hcp","Good",0,"Fine",230782,8,1,"Skyward","2","g",55.00,2,,,3.50," 3/4 LEN","Robert Priscott","Te Awamutu",,,7000.00,"Andrew Calder",55.00,0.00,57,0,0,"",162289,"VOLKSRAAD (GB) 1988",195410,"WILDN'SENSUOUS (USA) 1994",
32141,2005-02-19,2,"Matamata","Other","Race","Matamata RC","RACING MATAMATA 19 FEB","Good",0,"Fine","Out 2 Metres",127070,5,Listed Race,Flat,1200,"2YO C&G HCP","FAIRVIEW FORD SLIPPER",35000.00,14:45:00,"Y",,"2yo","Open","c&g","hcp","Good",0,"Fine",235937,9,3,"Punt","2","g",55.00,7,,,10.10," ","Dick & Chris Bothwell","Stratford",,,0.00,"Michael Coleman",55.00,0.00,55,0,0,"",216698,"ALIGN (AUS) 1996",199253,"MINNIE MCGINNIS (NZ) 1997",
32141,2005-02-19,2,"Matamata","Other","Race","Matamata RC","RACING MATAMATA 19 FEB","Good",0,"Fine","Out 2 Metres",127064,6,,Flat,1400,"PRG","MAPPERLEY STUD 1400",14000.00,15:23:00,"N",52.00,"","","","","Good",0,"Fine",207709,1,3,"Campari Belle","5","m",57.00,3,,,1.40," 1/2 LEN","M D Moroney","Matamata",,,1400.00,"Michael Coleman",57.00,0.00,88,0,0,"",186277,"SLAVIC (USA) 1987",162986,"AMARULA BELLE (NZ) 1992",
32141,2005-02-19,2,"Matamata","Other","Race","Matamata RC","RACING MATAMATA 19 FEB","Good",0,"Fine","Out 2 Metres",127064,6,,Flat,1400,"PRG","MAPPERLEY STUD 1400",14000.00,15:23:00,"N",52.00,"","","","","Good",0,"Fine",206772,2,6,"Deebee Jean","5","m",57.00,4,,,1.90," NOSE","Lance O'Sullivan","Matamata",,,700.00,"Andrew Calder",57.00,0.00,88,0,0,"",174818,"MAROOF (USA) 1990",116001,"DEEBEE LADY (NZ) 1988",
32141,2005-02-19,2,"Matamata","Other","Race","Matamata RC","RACING MATAMATA 19 FEB","Good",0,"Fine","Out 2 Metres",127064,6,,Flat,1400,"PRG","MAPPERLEY STUD 1400",14000.00,15:23:00,"N",52.00,"","","","","Good",0,"Fine",220667,3,1,"Rockabubble (AUS)","4","m",56.00,1,1.23.45,,," 1 1/4 LEN","Tony Cole","Te Kauwhata",,,8750.00,"Reese Jones",56.00,0.00,86,0,0,"",218580,"BUBBLE GUM FELLOW (JPN) 1993",220668,"BLOND ROCKET (AUS) 1992",
32141,2005-02-19,2,"Matamata","Other","Race","Matamata RC","RACING MATAMATA 19 FEB","Good",0,"Fine","Out 2 Metres",127064,6,,Flat,1400,"PRG","MAPPERLEY STUD 1400",14000.00,15:23:00,"N",52.00,"","","","","Good",0,"Fine",207203,4,8,"Wings On Fire","5","m",56.00,11,,,7.20," ","Robert Priscott","Te Awamutu",,,0.00,"Mark Sweeney",56.00,0.00,86,0,0,"",186604,"RHYTHM (USA) 1987",147327,"RICAMO (NZ) 1990",
32141,2005-02-19,2,"Matamata","Other","Race","Matamata RC","RACING MATAMATA 19 FEB","Good",0,"Fine","Out 2 Metres",127064,6,,Flat,1400,"PRG","MAPPERLEY STUD 1400",14000.00,15:23:00,"N",52.00,"","","","","Good",0,"Fine",216536,6,5,"Focal Point","4","m",54.50,5,,,2.00," ","Donna & Dean Logan","Ruakaka",,,350.00,"Leith Innes",54.50,0.00,81,0,0,"",179607,"KASHANI (USA) 1990",146462,"KEY ISSUE (NZ) 1990",
32141,2005-02-19,2,"Matamata","Other","Race","Matamata RC","RACING MATAMATA 19 FEB","Good",0,"Fine","Out 2 Metres",127064,6,,Flat,1400,"PRG","MAPPERLEY STUD 1400",14000.00,15:23:00,"N",52.00,"","","","","Good",0,"Fine",216879,8,2,"Caravanserai","4","g",54.00,9,,,4.00," ","M D Moroney","Matamata",,,0.00,"Lisa Cropp",54.00,0.00,79,0,0,"",179607,"KASHANI (USA) 1990",164334,"NIGHT FLIGHT (NZ) 1992",
32141,2005-02-19,2,"Matamata","Other","Race","Matamata RC","RACING MATAMATA 19 FEB","Good",0,"Fine","Out 2 Metres",127064,6,,Flat,1400,"PRG","MAPPERLEY STUD 1400",14000.00,15:23:00,"N",52.00,"","","","","Good",0,"Fine",207227,9,10,"Derry Lad","5","g",54.00,2,,,1.30," SHORT HEAD","Tony Gillies","Matamata",,,2800.00,"Claire Anderton",52.00,2.00,79,0,0,"",167576,"MASTERCLASS (USA) 1988",10307,"DERRIANA (NZ) 1981",
32141,2005-02-19,2,"Matamata","Other","Race","Matamata RC","RACING MATAMATA 19 FEB","Good",0,"Fine","Out 2 Metres",127064,6,,Flat,1400,"PRG","MAPPERLEY STUD 1400",14000.00,15:23:00,"N",52.00,"","","","","Good",0,"Fine",215071,10,9,"Stella Clark","4","m",54.00,7,,,3.10," ","Phillip Stevens","Matamata",,,0.00,"Trudy Thornton",54.00,0.00,79,0,0,"",180648,"JAHAFIL (GB) 1988",27688,"NANU (NZ) 1982",
32141,2005-02-19,2,"Matamata","Other","Race","Matamata RC","RACING MATAMATA 19 FEB","Good",0,"Fine","Out 2 Metres",127064,6,,Flat,1400,"PRG","MAPPERLEY STUD 1400",14000.00,15:23:00,"N",52.00,"","","","","Good",0,"Fine",222047,11,11,"Elbaz Belle","3","f",54.00,6,,,2.80," ","Jim Gibbs","Matamata",,,0.00,"Noel Harris",54.00,0.00,78,0,0,"",213245,"CATBIRD (AUS) 1996",184643,"ZINO BELLE (NZ) 1995",
32141,2005-02-19,2,"Matamata","Other","Race","Matamata RC","RACING MATAMATA 19 FEB","Good",0,"Fine","Out 2 Metres",127064,6,,Flat,1400,"PRG","MAPPERLEY STUD 1400",14000.00,15:23:00,"N",52.00,"","","","","Good",0,"Fine",217190,12,12,"Free Sea","4","m",54.00,8,,,3.90," ","Tim Ryan","Cambridge",,,0.00,"Cameron Lammas",54.00,0.00,78,0,0,"",206496,"RACER'S EDGE (AUS) 1991",178252,"KYTHERA (NZ) 1994",
32141,2005-02-19,2,"Matamata","Other","Race","Matamata RC","RACING MATAMATA 19 FEB","Good",0,"Fine","Out 2 Metres",127064,6,,Flat,1400,"PRG","MAPPERLEY STUD 1400",14000.00,15:23:00,"N",52.00,"","","","","Good",0,"Fine",208433,13,7,"Gold Stripper","5","m",54.00,10,,,6.60," ","Mark Brosnan","Matamata",,,0.00,"Lisa Allpress",54.00,0.00,78,0,0,"",175309,"STARK SOUTH (USA) 1988",137127,"DEAL IN GOLD (NZ) 1989",
32141,2005-02-19,2,"Matamata","Other","Race","Matamata RC","RACING MATAMATA 19 FEB","Good",0,"Fine","Out 2 Metres",127069,7,Group 2,Flat,1200,"2YOF HCP","ROBIN, DUKE OF BEDFORD MATAMATA BREEDERS STAKES",100000.00,16:03:00,"Y",,"2yo","Open","fillies","hcp","Good",0,"Fine",231679,1,8,"Mi Jubilee","2","f",55.00,1,1.09.75,,," 4 3/4 LEN","Stephen Crutchley","Wanganui",,,62500.00,"David Walker",55.00,0.00,80,0,0,"",216831,"HOWBADDOUWANTIT (USA) 1995",185848,"MI STEEL (NZ) 1994",
32141,2005-02-19,2,"Matamata","Other","Race","Matamata RC","RACING MATAMATA 19 FEB","Good",0,"Fine","Out 2 Metres",127069,7,Group 2,Flat,1200,"2YOF HCP","ROBIN, DUKE OF BEDFORD MATAMATA BREEDERS STAKES",100000.00,16:03:00,"Y",,"2yo","Open","fillies","hcp","Good",0,"Fine",228046,2,13,"Vegas Showgirl","2","f",55.00,12,,,14.60," ","Graeme Rogerson & Stephen Autridge","Tuhikaramea",,,0.00,"Andrew Calder",55.00,0.00,76,0,0,"",151026,"AL AKBAR (AUS) 1990",64941,"VEGAS MAGIC (AUS) 1985",
32141,2005-02-19,2,"Matamata","Other","Race","Matamata RC","RACING MATAMATA 19 FEB","Good",0,"Fine","Out 2 Metres",127069,7,Group 2,Flat,1200,"2YOF HCP","ROBIN, DUKE OF BEDFORD MATAMATA BREEDERS STAKES",100000.00,16:03:00,"Y",,"2yo","Open","fillies","hcp","Good",0,"Fine",230688,3,1,"Pulcinella","2","f",55.00,2,,,4.80," 1 1/4 LEN","Don Sellwood","Cambridge",,,20000.00,"Noel Harris",55.00,0.00,72,0,0,"",212688,"STRAVINSKY (USA) 1996",177839,"SHALL WE DANCE (NZ) 1994",
32141,2005-02-19,2,"Matamata","Other","Race","Matamata RC","RACING MATAMATA 19 FEB","Good",0,"Fine","Out 2 Metres",127069,7,Group 2,Flat,1200,"2YOF HCP","ROBIN, DUKE OF BEDFORD MATAMATA BREEDERS STAKES",100000.00,16:03:00,"Y",,"2yo","Open","fillies","hcp","Good",0,"Fine",231256,4,14,"Love Diamonds (AUS)","2","f",55.00,11,,,14.60," ","Graeme Rogerson & Stephen Autridge","Tuhikaramea",,,0.00,"Leith Innes",55.00,0.00,70,0,0,"",151645,"DANEHILL (USA) 1986",149286,"TRISTALOVE (NZ) 1990",
32141,2005-02-19,2,"Matamata","Other","Race","Matamata RC","RACING MATAMATA 19 FEB","Good",0,"Fine","Out 2 Metres",127069,7,Group 2,Flat,1200,"2YOF HCP","ROBIN, DUKE OF BEDFORD MATAMATA BREEDERS STAKES",100000.00,16:03:00,"Y",,"2yo","Open","fillies","hcp","Good",0,"Fine",230473,5,4,"Promethean","2","f",55.00,9,,,9.80," ","Colin Jillings & Richard Yuill","Takanini",,,0.00,"Lee Tiley",55.00,0.00,70,0,0,"",181636,"GRAND LODGE (USA) 1991",189791,"SARWATCH (NZ) 1996",
32141,2005-02-19,2,"Matamata","Other","Race","Matamata RC","RACING MATAMATA 19 FEB","Good",0,"Fine","Out 2 Metres",127069,7,Group 2,Flat,1200,"2YOF HCP","ROBIN, DUKE OF BEDFORD MATAMATA BREEDERS STAKES",100000.00,16:03:00,"Y",,"2yo","Open","fillies","hcp","Good",0,"Fine",230821,6,6,"Spare The Detail","2","f",55.00,5,,,8.20," ","Keith Opie","Te Aroha",,,2500.00,"Gary Grylls",55.00,0.00,70,0,0,"",200260,"SANDTRAP (USA) 1993",105699,"FULL DETAIL (AUS) 1982",
32141,2005-02-19,2,"Matamata","Other","Race","Matamata RC","RACING MATAMATA 19 FEB","Good",0,"Fine","Out 2 Metres",127069,7,Group 2,Flat,1200,"2YOF HCP","ROBIN, DUKE OF BEDFORD MATAMATA BREEDERS STAKES",100000.00,16:03:00,"Y",,"2yo","Open","fillies","hcp","Good",0,"Fine",226669,7,10,"Volks Princess","2","f",55.00,7=,,,8.70," ","Jim Wallace","Opaki",,,0.00,"Michael Coleman",55.00,0.00,70,0,0,"",162289,"VOLKSRAAD (GB) 1988",187849,"ISLA VILLA (USA) 1988",
32141,2005-02-19,2,"Matamata","Other","Race","Matamata RC","RACING MATAMATA 19 FEB","Good",0,"Fine","Out 2 Metres",127069,7,Group 2,Flat,1200,"2YOF HCP","ROBIN, DUKE OF BEDFORD MATAMATA BREEDERS STAKES",100000.00,16:03:00,"Y",,"2yo","Open","fillies","hcp","Good",0,"Fine",228591,8,11,"Kintyre Lil","2","f",55.00,7=,,,8.70," ","Jim Gibbs","Matamata",,,0.00,"Cameron Lammas",55.00,0.00,69,0,0,"",173637,"CASUAL LIES (USA) 1989",174555,"SELENIUM (NZ) 1994",
32141,2005-02-19,2,"Matamata","Other","Race","Matamata RC","RACING MATAMATA 19 FEB","Good",0,"Fine","Out 2 Metres",127069,7,Group 2,Flat,1200,"2YOF HCP","ROBIN, DUKE OF BEDFORD MATAMATA BREEDERS STAKES",100000.00,16:03:00,"Y",,"2yo","Open","fillies","hcp","Good",0,"Fine",231020,9,12,"Missy Elliott","2","f",55.00,3,,,6.10," 3/4 LEN","Craig Thornton","Cambridge",,,10000.00,"Trudy Thornton",55.00,0.00,69,0,0,"",198735,"MAGIC OF SYDNEY (AUS) 1993",218689,"FIORINO (AUS) 1994",
32141,2005-02-19,2,"Matamata","Other","Race","Matamata RC","RACING MATAMATA 19 FEB","Good",0,"Fine","Out 2 Metres",127069,7,Group 2,Flat,1200,"2YOF HCP","ROBIN, DUKE OF BEDFORD MATAMATA BREEDERS STAKES",100000.00,16:03:00,"Y",,"2yo","Open","fillies","hcp","Good",0,"Fine",238110,10,9,"Smartway","2","f",55.00,4,,,6.90," 1 1/4 LEN","Lance O'Sullivan","Matamata",,,5000.00,"Alan Munro",55.00,0.00,69,0,0,"",211629,"PINS (AUS) 1996",168209,"VAIN KIWI (AUS) 1990",
32141,2005-02-19,2,"Matamata","Other","Race","Matamata RC","RACING MATAMATA 19 FEB","Good",0,"Fine","Out 2 Metres",127069,7,Group 2,Flat,1200,"2YOF HCP","ROBIN, DUKE OF BEDFORD MATAMATA BREEDERS STAKES",100000.00,16:03:00,"Y",,"2yo","Open","fillies","hcp","Good",0,"Fine",229456,11,15,"Irish Nova","2","f",55.00,6,,,8.30," ","Lance Noble","Matamata",,,0.00,"Bruce Herd",55.00,0.00,58,0,0,"",172521,"O'REILLY (NZ) 1993",172465,"NIGHT STAR (NZ) 1993",
32141,2005-02-19,2,"Matamata","Other","Race","Matamata RC","RACING MATAMATA 19 FEB","Good",0,"Fine","Out 2 Metres",127069,7,Group 2,Flat,1200,"2YOF HCP","ROBIN, DUKE OF BEDFORD MATAMATA BREEDERS STAKES",100000.00,16:03:00,"Y",,"2yo","Open","fillies","hcp","Good",0,"Fine",229883,12,2,"Matamatamamma","2","f",55.00,13,,,16.10," ","Brian McKeagg","Tauranga",,,0.00,"Allan Peard",55.00,0.00,57,0,0,"",219422,"ALMUTAWAKEL (GB) 1995",178887,"FRENCH KAPER (NZ) 1994",
32141,2005-02-19,2,"Matamata","Other","Race","Matamata RC","RACING MATAMATA 19 FEB","Good",0,"Fine","Out 2 Metres",127069,7,Group 2,Flat,1200,"2YOF HCP","ROBIN, DUKE OF BEDFORD MATAMATA BREEDERS STAKES",100000.00,16:03:00,"Y",,"2yo","Open","fillies","hcp","Good",0,"Fine",232886,13,5,"Eagle Feather (AUS)","2","f",55.00,15,,,21.90," ","S G & S J Munro","Cambridge",,,0.00,"Lisa Cropp",55.00,0.00,56,0,0,"",186031,"QUEST FOR FAME (GB) 1987",232887,"WHITE QUEEN (AUS) 1993",
32141,2005-02-19,2,"Matamata","Other","Race","Matamata RC","RACING MATAMATA 19 FEB","Good",0,"Fine","Out 2 Metres",127069,7,Group 2,Flat,1200,"2YOF HCP","ROBIN, DUKE OF BEDFORD MATAMATA BREEDERS STAKES",100000.00,16:03:00,"Y",,"2yo","Open","fillies","hcp","Good",0,"Fine",228532,14,7,"Saplaya","2","f",55.00,14,,,17.20," ","Graeme Sanders & Debbie Sweeney","Te Awamutu",,,0.00,"Mark Sweeney",55.00,0.00,55,0,0,"",167206,"YACHTIE (AUS) 1989",147089,"STAR OF VALENCIA (NZ) 1990",
32141,2005-02-19,2,"Matamata","Other","Race","Matamata RC","RACING MATAMATA 19 FEB","Good",0,"Fine","Out 2 Metres",127069,7,Group 2,Flat,1200,"2YOF HCP","ROBIN, DUKE OF BEDFORD MATAMATA BREEDERS STAKES",100000.00,16:03:00,"Y",,"2yo","Open","fillies","hcp","Good",0,"Fine",227191,15,3,"Kings Princess","2","f",55.00,10,,,10.90," ","Mark Walker","Matamata",,,0.00,"Hayden Tinsley",55.00,0.00,52,0,0,"",200226,"KING OF KINGS (IRE) 1995",220400,"WAIKIKI PRINCESS (AUS) 1996",
32141,2005-02-19,2,"Matamata","Other","Race","Matamata RC","RACING MATAMATA 19 FEB","Good",0,"Fine","Out 2 Metres",127062,8,,Flat,1200,"OPN HCP","WAIKATO STUD STAKES",20000.00,16:43:00,"N",52.00,"Unrestricted","Open","unrestricted","hcp","Good",0,"Fine",220252,1,6,"British Ensign","6","g",57.00,5,,,3.90," ","Graham Richardson & Mark Donoghue","Matamata",,,500.00,"Andrew Calder",57.00,0.00,103,0,0,"",179524,"BRITISH BANKER (CAN) 1988",2869,"BAL GANZA (NZ) 1981",
32141,2005-02-19,2,"Matamata","Other","Race","Matamata RC","RACING MATAMATA 19 FEB","Good",0,"Fine","Out 2 Metres",127062,8,,Flat,1200,"OPN HCP","WAIKATO STUD STAKES",20000.00,16:43:00,"N",52.00,"Unrestricted","Open","unrestricted","hcp","Good",0,"Fine",203891,2,11,"Sovereign","6","g",55.50,3,,,3.50," NECK","Jim Campin","Cambridge",,,2000.00,"Noel Harris",55.50,0.00,100,0,0,"",187200,"GREEN PERFUME (USA) 1992",121974,"REGAL SUNRISE (NZ) 1987",
32141,2005-02-19,2,"Matamata","Other","Race","Matamata RC","RACING MATAMATA 19 FEB","Good",0,"Fine","Out 2 Metres",127062,8,,Flat,1200,"OPN HCP","WAIKATO STUD STAKES",20000.00,16:43:00,"N",52.00,"Unrestricted","Open","unrestricted","hcp","Good",0,"Fine",208272,3,2,"Vaalu","5","g",55.00,1,1.09.37,,," SHORT NECK","Jim Gibbs","Matamata",,,12500.00,"Michael Coleman",55.00,0.00,99,0,0,"",162289,"VOLKSRAAD (GB) 1988",162849,"SHEPHERD'S DELIGHT (NZ) 1992",
32141,2005-02-19,2,"Matamata","Other","Race","Matamata RC","RACING MATAMATA 19 FEB","Good",0,"Fine","Out 2 Metres",127062,8,,Flat,1200,"OPN HCP","WAIKATO STUD STAKES",20000.00,16:43:00,"N",52.00,"Unrestricted","Open","unrestricted","hcp","Good",0,"Fine",211735,4,1,"Devoted","5","g",53.50,2,,,0.20," 3 1/4 LEN","Jim Gibbs","Matamata",,,4000.00,"Leith Innes",53.50,0.00,95,0,0,"",179919,"BIGSTONE (IRE) 1990",174421,"LOVING IS FUN (NZ) 1994",
32141,2005-02-19,2,"Matamata","Other","Race","Matamata RC","RACING MATAMATA 19 FEB","Good",0,"Fine","Out 2 Metres",127062,8,,Flat,1200,"OPN HCP","WAIKATO STUD STAKES",20000.00,16:43:00,"N",52.00,"Unrestricted","Open","unrestricted","hcp","Good",0,"Fine",211709,5,3,"Maskerado","5","g",53.00,8,,,7.50," ","Graeme Rogerson & Stephen Autridge","Tuhikaramea",,,0.00,"Alan Munro",53.00,0.00,94,0,0,"",39811,"STRAIGHT STRIKE (USA) 1977",7827,"CLASSIC EVE (NZ) 1982",
32141,2005-02-19,2,"Matamata","Other","Race","Matamata RC","RACING MATAMATA 19 FEB","Good",0,"Fine","Out 2 Metres",127062,8,,Flat,1200,"OPN HCP","WAIKATO STUD STAKES",20000.00,16:43:00,"N",52.00,"Unrestricted","Open","unrestricted","hcp","Good",0,"Fine",207316,6,8,"Royal Entertainer","5","g",53.00,11,,,12.60," ","Nigel Tiley","Pukekohe",,,0.00,"Lee Tiley",53.00,0.00,94,0,0,"",205856,"KNOWLEDGE (AUS) 1994",205853,"QUEENS MINSTREL (USA) 1985",
32141,2005-02-19,2,"Matamata","Other","Race","Matamata RC","RACING MATAMATA 19 FEB","Good",0,"Fine","Out 2 Metres",127062,8,,Flat,1200,"OPN HCP","WAIKATO STUD STAKES",20000.00,16:43:00,"N",52.00,"Unrestricted","Open","unrestricted","hcp","Good",0,"Fine",206723,7,7,"Sun Hawke","5","g",53.00,4,,,3.80," SHORT HEAD","Murray Baker","Cambridge",,,1000.00,"Lisa Cropp",53.00,0.00,94,0,0,"",173332,"DESERT SUN (GB) 1988",156898,"SELENA (NZ) 1991",
32141,2005-02-19,2,"Matamata","Other","Race","Matamata RC","RACING MATAMATA 19 FEB","Good",0,"Fine","Out 2 Metres",127062,8,,Flat,1200,"OPN HCP","WAIKATO STUD STAKES",20000.00,16:43:00,"N",52.00,"Unrestricted","Open","unrestricted","hcp","Good",0,"Fine",207315,9,10,"Time Warp","5","g",52.00,6,,,5.40," ","Cydne Evans","Byerley Park",,,0.00,"Buddy Lammas",50.00,2.00,90,0,0,"",18195,"INDIAN ORE (USA) 1977",175031,"SCALPAY (NZ) 1994",
32141,2005-02-19,2,"Matamata","Other","Race","Matamata RC","RACING MATAMATA 19 FEB","Good",0,"Fine","Out 2 Metres",127062,8,,Flat,1200,"OPN HCP","WAIKATO STUD STAKES",20000.00,16:43:00,"N",52.00,"Unrestricted","Open","unrestricted","hcp","Good",0,"Fine",219693,10,9,"Blue Tsunami (AUS)","4","h",52.00,7,,,6.60," ","M D Moroney","Matamata",,,0.00,"Mark Sweeney",52.00,0.00,88,0,0,"",218289,"BLU TUSMANI (USA) 1992",175284,"RED CENTURY (NZ) 1994",
32141,2005-02-19,2,"Matamata","Other","Race","Matamata RC","RACING MATAMATA 19 FEB","Good",0,"Fine","Out 2 Metres",127062,8,,Flat,1200,"OPN HCP","WAIKATO STUD STAKES",20000.00,16:43:00,"N",52.00,"Unrestricted","Open","unrestricted","hcp","Good",0,"Fine",204880,11,4,"Warmark","6","g",52.00,9,,,8.50," ","Chris Smith","Te Aroha",,,0.00,"Lynsey Satherley",52.00,0.00,86,0,0,"",167576,"MASTERCLASS (USA) 1988",114679,"DUTCH WAY (NZ) 1988",
32141,2005-02-19,2,"Matamata","Other","Race","Matamata RC","RACING MATAMATA 19 FEB","Good",0,"Fine","Out 2 Metres",127062,8,,Flat,1200,"OPN HCP","WAIKATO STUD STAKES",20000.00,16:43:00,"N",52.00,"Unrestricted","Open","unrestricted","hcp","Good",0,"Fine",193879,12,5,"Bankonit","7","g",52.00,10,,,9.40," ","Jan Walker","Te Awamutu",,,0.00,"Rogan Norvall",52.00,0.00,76,0,0,"",179524,"BRITISH BANKER (CAN) 1988",26267,"MISS SHELLEY (NZ) 1982",
32141,2005-02-19,2,"Matamata","Other","Race","Matamata RC","RACING MATAMATA 19 FEB","Good",0,"Fine","Out 2 Metres",127065,9,,Flat,2000,"INT","MARKS EWEN & ASSOCIATES 2000",12000.00,17:23:00,"N",,"","","","","Good",0,"Fine",201575,1,4,"Lenraad","6","g",56.00,10,,,5.00," ","Peter McKay","Matamata",,,0.00,"David Walker",56.00,0.00,74,0,0,"",162289,"VOLKSRAAD (GB) 1988",146310,"SUINDA (NZ) 1990",
32141,2005-02-19,2,"Matamata","Other","Race","Matamata RC","RACING MATAMATA 19 FEB","Good",0,"Fine","Out 2 Metres",127065,9,,Flat,2000,"INT","MARKS EWEN & ASSOCIATES 2000",12000.00,17:23:00,"N",,"","","","","Good",0,"Fine",212724,2,1,"The Dynamo","5","g",56.00,4,,,2.20," 3/4 LEN","Carl & Lisa Gately","Cambridge",,,600.00,"Hayden Tinsley",56.00,0.00,72,0,0,"",173332,"DESERT SUN (GB) 1988",20403,"KHANATE (NZ) 1985",
32141,2005-02-19,2,"Matamata","Other","Race","Matamata RC","RACING MATAMATA 19 FEB","Good",0,"Fine","Out 2 Metres",127065,9,,Flat,2000,"INT","MARKS EWEN & ASSOCIATES 2000",12000.00,17:23:00,"N",,"","","","","Good",0,"Fine",212116,3,12,"Western Legacy (AUS)","6","g",56.00,14,,,13.10," ","Doug Cave","Te Awamutu",,,0.00,"Trudy Thornton",56.00,0.00,72,0,0,"",151548,"WESTERN RED (NZ) 1990",212124,"HIGH CHANCE (AUS) 1992",
32141,2005-02-19,2,"Matamata","Other","Race","Matamata RC","RACING MATAMATA 19 FEB","Good",0,"Fine","Out 2 Metres",127065,9,,Flat,2000,"INT","MARKS EWEN & ASSOCIATES 2000",12000.00,17:23:00,"N",,"","","","","Good",0,"Fine",209662,5,14,"Havascotch","5","g",56.00,8,,,4.50," ","Karyn McQuade","Matamata",,,0.00,"Andrew Calder",56.00,0.00,71,0,0,"",194198,"HENNESSY (USA) 1993",157697,"SUGAR COOKIE (NZ) 1991",
32141,2005-02-19,2,"Matamata","Other","Race","Matamata RC","RACING MATAMATA 19 FEB","Good",0,"Fine","Out 2 Metres",127065,9,,Flat,2000,"INT","MARKS EWEN & ASSOCIATES 2000",12000.00,17:23:00,"N",,"","","","","Good",0,"Fine",208393,6,7,"Diamonds For Me","5","g",56.00,12,,,5.70," ","Phil Davies","Cambridge",,,0.00,"Michael Coleman",56.00,0.00,70,0,0,"",177840,"STRIKE DIAMONDS (NZ) 1994",22845,"LIPSTICK (NZ) 1983",
32141,2005-02-19,2,"Matamata","Other","Race","Matamata RC","RACING MATAMATA 19 FEB","Good",0,"Fine","Out 2 Metres",127065,9,,Flat,2000,"INT","MARKS EWEN & ASSOCIATES 2000",12000.00,17:23:00,"N",,"","","","","Good",0,"Fine",216666,7,3,"Ensuave","4","g",56.00,9,,,4.70," ","Jeff McVean & Emma-Lee Browne","Cambridge",,,0.00,"Alan Munro",56.00,0.00,70,0,0,"",199514,"ENTREPRENEUR (GB) 1994",198550,"JUST CRUISING (AUS) 1991",
32141,2005-02-19,2,"Matamata","Other","Race","Matamata RC","RACING MATAMATA 19 FEB","Good",0,"Fine","Out 2 Metres",127065,9,,Flat,2000,"INT","MARKS EWEN & ASSOCIATES 2000",12000.00,17:23:00,"N",,"","","","","Good",0,"Fine",223124,9,5,"Ntamack","3","g",55.50,3,,,2.00," SHORT NECK","Kerry & Belinda Verner","Ardmore",,,1200.00,"Lee Tiley",55.50,0.00,70,0,0,"",186482,"FRENCHPARK (GB) 1990",162632,"NOBLE AND TRUE (NZ) 1992",
32141,2005-02-19,2,"Matamata","Other","Race","Matamata RC","RACING MATAMATA 19 FEB","Good",0,"Fine","Out 2 Metres",127065,9,,Flat,2000,"INT","MARKS EWEN & ASSOCIATES 2000",12000.00,17:23:00,"N",,"","","","","Good",0,"Fine",216297,11,13,"Singasong","4","m",54.50,11,,,5.40," ","John Sargent","Matamata",,,0.00,"Bruce Herd",54.50,0.00,73,0,0,"",185908,"DANASINGA (AUS) 1991",117613,"PRINCIPATION (NZ) 1987",
32141,2005-02-19,2,"Matamata","Other","Race","Matamata RC","RACING MATAMATA 19 FEB","Good",0,"Fine","Out 2 Metres",127065,9,,Flat,2000,"INT","MARKS EWEN & ASSOCIATES 2000",12000.00,17:23:00,"N",,"","","","","Good",0,"Fine",214963,12,8,"Champagne Heights","4","m",54.50,6,,,3.20," ","Lance Noble","Matamata",,,0.00,"Cameron Lammas",54.50,0.00,70,0,0,"",7032,"CENTAINE (AUS) 1980",157232,"FAIRY HEIGHTS (NZ) 1991",
32141,2005-02-19,2,"Matamata","Other","Race","Matamata RC","RACING MATAMATA 19 FEB","Good",0,"Fine","Out 2 Metres",127065,9,,Flat,2000,"INT","MARKS EWEN & ASSOCIATES 2000",12000.00,17:23:00,"N",,"","","","","Good",0,"Fine",216093,13,2,"Puccini's Opera","4","m",54.50,1,2.04.03,,," 1 3/4 LEN","Chris & Colleen Wood","Cambridge",,,7500.00,"Lisa Cropp",54.50,0.00,69,0,0,"",185908,"DANASINGA (AUS) 1991",126108,"LIGHT AND FREE (NZ) 1988",
32141,2005-02-19,2,"Matamata","Other","Race","Matamata RC","RACING MATAMATA 19 FEB","Good",0,"Fine","Out 2 Metres",127065,9,,Flat,2000,"INT","MARKS EWEN & ASSOCIATES 2000",12000.00,17:23:00,"N",,"","","","","Good",0,"Fine",215342,14,10,"Sorestan","4","m",54.50,2,,,1.80," HEAD","Peter Hollinshead","Te Awamutu",,,2400.00,"Mark Sweeney",54.50,0.00,69,0,0,"",162289,"VOLKSRAAD (GB) 1988",186206,"QUEEN CAELIA (NZ) 1995",
32141,2005-02-19,2,"Matamata","Other","Race","Matamata RC","RACING MATAMATA 19 FEB","Good",0,"Fine","Out 2 Metres",127065,9,,Flat,2000,"INT","MARKS EWEN & ASSOCIATES 2000",12000.00,17:23:00,"N",,"","","","","Good",0,"Fine",221804,15,9,"Milcape","3","f",54.00,7,,,3.30," ","Lance O'Sullivan","Matamata",,,0.00,"Noel Harris",54.00,0.00,70,0,0,"",213148,"CAPE CROSS (IRE) 1994",188141,"KATLIM (NZ) 1996",
32141,2005-02-19,2,"Matamata","Other","Race","Matamata RC","RACING MATAMATA 19 FEB","Good",0,"Fine","Out 2 Metres",127065,9,,Flat,2000,"INT","MARKS EWEN & ASSOCIATES 2000",12000.00,17:23:00,"N",,"","","","","Good",0,"Fine",213505,17,6,"Matador","4","g",56.00,5,,,3.00," ","Tony Gillies","Matamata",,,300.00,"Reese Jones",56.00,0.00,69,0,0,"",186604,"RHYTHM (USA) 1987",83821,"GYPSY INVADER (NZ) 1985",
32141,2005-02-19,2,"Matamata","Other","Race","Matamata RC","RACING MATAMATA 19 FEB","Good",0,"Fine","Out 2 Metres",127065,9,,Flat,2000,"INT","MARKS EWEN & ASSOCIATES 2000",12000.00,17:23:00,"N",,"","","","","Good",0,"Fine",225154,18,16,"Spinning Meteor (AUS)","4","g",56.00,15,,,13.10," ","Murray Baker","Cambridge",,,0.00,"Leith Innes",56.00,0.00,69,0,0,"",200242,"SPINNING WORLD (USA) 1993",225155,"HERE COMES DE HIT (AUS) 1996",
32141,2005-02-19,2,"Matamata","Other","Race","Matamata RC","RACING MATAMATA 19 FEB","Good",0,"Fine","Out 2 Metres",127065,9,,Flat,2000,"INT","MARKS EWEN & ASSOCIATES 2000",12000.00,17:23:00,"N",,"","","","","Good",0,"Fine",211703,19,11,"Angel's Honour","5","m",54.50,13,,,6.20," ","Graeme Nicholson","Te Aroha",,,0.00,"Gary Grylls",54.50,0.00,69,0,0,"",39811,"STRAIGHT STRIKE (USA) 1977",130890,"VICTORY LEAH (NZ) 1987",
32141,2005-02-19,2,"Matamata","Other","Race","Matamata RC","RACING MATAMATA 19 FEB","Good",0,"Fine","Out 2 Metres",127065,9,,Flat,2000,"INT","MARKS EWEN & ASSOCIATES 2000",12000.00,17:23:00,"N",,"","","","","Good",0,"Fine",210644,20,15,"Lady Shakira","5","m",54.50,16,,,24.10," ","Donna & Dean Logan","Ruakaka",,,0.00,"Lynsey Satherley",54.50,0.00,69,0,0,"",172521,"O'REILLY (NZ) 1993",52454,"CLARA DUTHIE (NZ) 1986",
32141,2005-02-19,2,"Matamata","Other","Race","Matamata RC","RACING MATAMATA 19 FEB","Good",0,"Fine","Out 2 Metres",127063,10,,Flat,2000,"PRG","DEOSAN NEW ZEALAND LTD 2000",14000.00,18:00:00,"N",52.00,"","","","","Good",0,"Fine",218841,2,7,"Madame Shinko","4","m",56.50,1,2.03.68,,," 1/2 LEN","Jim Wallace","Opaki",,,8750.00,"Leith Innes",56.50,0.00,91,0,0,"",199454,"SHINKO KING (IRE) 1991",133705,"MADAME MAC (NZ) 1989",
32141,2005-02-19,2,"Matamata","Other","Race","Matamata RC","RACING MATAMATA 19 FEB","Good",0,"Fine","Out 2 Metres",127063,10,,Flat,2000,"PRG","DEOSAN NEW ZEALAND LTD 2000",14000.00,18:00:00,"N",52.00,"","","","","Good",0,"Fine",215424,4,2,"Hatepe","4","g",55.00,7,,,4.90," ","John Sargent","Matamata",,,0.00,"Bruce Herd",55.00,0.00,88,0,0,"",185908,"DANASINGA (AUS) 1991",146834,"MAJESTIC HUNTER (NZ) 1990",
32141,2005-02-19,2,"Matamata","Other","Race","Matamata RC","RACING MATAMATA 19 FEB","Good",0,"Fine","Out 2 Metres",127063,10,,Flat,2000,"PRG","DEOSAN NEW ZEALAND LTD 2000",14000.00,18:00:00,"N",52.00,"","","","","Good",0,"Fine",207642,6,6,"Milzeel","5","m",54.50,13,,,6.70," ","M D Moroney","Matamata",,,0.00,"Michael Coleman",54.50,0.00,86,0,0,"",87997,"ZABEEL (NZ) 1986",137606,"MILTAK (NZ) 1989",
32141,2005-02-19,2,"Matamata","Other","Race","Matamata RC","RACING MATAMATA 19 FEB","Good",0,"Fine","Out 2 Metres",127063,10,,Flat,2000,"PRG","DEOSAN NEW ZEALAND LTD 2000",14000.00,18:00:00,"N",52.00,"","","","","Good",0,"Fine",208034,7,15,"Caravaggio","5","g",54.00,14,,,8.90," ","Graeme Sanders & Debbie Sweeney","Te Awamutu",,,0.00,"Gary Grylls",54.00,0.00,85,0,0,"",173332,"DESERT SUN (GB) 1988",171774,"CALABERO (NZ) 1993",
32141,2005-02-19,2,"Matamata","Other","Race","Matamata RC","RACING MATAMATA 19 FEB","Good",0,"Fine","Out 2 Metres",127063,10,,Flat,2000,"PRG","DEOSAN NEW ZEALAND LTD 2000",14000.00,18:00:00,"N",52.00,"","","","","Good",0,"Fine",207741,8,5,"Equivocal","5","m",54.00,2,,,0.50," 3/4 LEN","Richard Collett & Shane Hapeta","Pukekohe Park",,,2800.00,"Reese Jones",54.00,0.00,85,0,0,"",173637,"CASUAL LIES (USA) 1989",155663,"KRYSTAL MAGIC (NZ) 1991",
32141,2005-02-19,2,"Matamata","Other","Race","Matamata RC","RACING MATAMATA 19 FEB","Good",0,"Fine","Out 2 Metres",127063,10,,Flat,2000,"PRG","DEOSAN NEW ZEALAND LTD 2000",14000.00,18:00:00,"N",52.00,"","","","","Good",0,"Fine",180380,9,4,"St Steven","10","g",54.00,15,,,10.30," ","John Wheeler","New Plymouth",,,0.00,"Lisa Allpress",54.00,0.00,85,0,0,"",106677,"HULA TOWN (NZ) 1986",14236,"GABBY (NZ) 1978",
32141,2005-02-19,2,"Matamata","Other","Race","Matamata RC","RACING MATAMATA 19 FEB","Good",0,"Fine","Out 2 Metres",127063,10,,Flat,2000,"PRG","DEOSAN NEW ZEALAND LTD 2000",14000.00,18:00:00,"N",52.00,"","","","","Good",0,"Fine",219034,10,11,"Rogue King (AUS)","5","g",54.00,8,,,5.40," ","John Wheeler","New Plymouth",,,0.00,"Andrew Calder",54.00,0.00,84,0,0,"",200226,"KING OF KINGS (IRE) 1995",219036,"CYN 'N' ROSE (AUS) 1993",
32141,2005-02-19,2,"Matamata","Other","Race","Matamata RC","RACING MATAMATA 19 FEB","Good",0,"Fine","Out 2 Metres",127063,10,,Flat,2000,"PRG","DEOSAN NEW ZEALAND LTD 2000",14000.00,18:00:00,"N",52.00,"","","","","Good",0,"Fine",214745,11,12,"Cool Talk","4","m",53.00,12,,,6.50," ","Lance O'Sullivan","Matamata",,,0.00,"Noel Harris",53.00,0.00,81,0,0,"",199454,"SHINKO KING (IRE) 1991",17783,"ICED (NZ) 1982",
32141,2005-02-19,2,"Matamata","Other","Race","Matamata RC","RACING MATAMATA 19 FEB","Good",0,"Fine","Out 2 Metres",127063,10,,Flat,2000,"PRG","DEOSAN NEW ZEALAND LTD 2000",14000.00,18:00:00,"N",52.00,"","","","","Good",0,"Fine",206550,12,9,"Danazira","5","m",53.00,11,,,6.00," ","Lance O'Sullivan","Matamata",,,0.00,"Alan Munro",53.00,0.00,81,0,0,"",185908,"DANASINGA (AUS) 1991",186797,"ZANIRA (AUS) 1993",
32141,2005-02-19,2,"Matamata","Other","Race","Matamata RC","RACING MATAMATA 19 FEB","Good",0,"Fine","Out 2 Metres",127063,10,,Flat,2000,"PRG","DEOSAN NEW ZEALAND LTD 2000",14000.00,18:00:00,"N",52.00,"","","","","Good",0,"Fine",200219,13,13,"Tiger Dance","6","m",53.00,3,,,1.30," 3/4 LEN","Alan Jones & Brett McDonald","Cambridge",,,1400.00,"Lisa Cropp",53.00,0.00,81,0,0,"",167215,"DANCE FLOOR (USA) 1989",6831,"CASTINE (NZ) 1983",
32141,2005-02-19,2,"Matamata","Other","Race","Matamata RC","RACING MATAMATA 19 FEB","Good",0,"Fine","Out 2 Metres",127063,10,,Flat,2000,"PRG","DEOSAN NEW ZEALAND LTD 2000",14000.00,18:00:00,"N",52.00,"","","","","Good",0,"Fine",207602,14,10,"Apowwow","5","m",53.00,6,,,3.50," ","Leanne West","Matamata",,,0.00,"Buddy Lammas",50.00,3.00,80,0,0,"",79353,"KAAPSTAD (NZ) 1984",152813,"FLAMING CHEYENNE (NZ) 1991",
32141,2005-02-19,2,"Matamata","Other","Race","Matamata RC","RACING MATAMATA 19 FEB","Good",0,"Fine","Out 2 Metres",127063,10,,Flat,2000,"PRG","DEOSAN NEW ZEALAND LTD 2000",14000.00,18:00:00,"N",52.00,"","","","","Good",0,"Fine",209399,15,8,"Millennium Belle","5","m",53.00,5,,,3.10," ","Graeme Rogerson & Stephen Autridge","Tuhikaramea",,,350.00,"Trudy Thornton",53.00,0.00,80,0,0,"",185908,"DANASINGA (AUS) 1991",170218,"KIRTLING (NZ) 1993",
32141,2005-02-19,2,"Matamata","Other","Race","Matamata RC","RACING MATAMATA 19 FEB","Good",0,"Fine","Out 2 Metres",127063,10,,Flat,2000,"PRG","DEOSAN NEW ZEALAND LTD 2000",14000.00,18:00:00,"N",52.00,"","","","","Good",0,"Fine",216705,16,14,"Richter Pass","4","m",53.00,10,,,5.50," ","Robert Priscott","Te Awamutu",,,0.00,"Mark Sweeney",53.00,0.00,80,0,0,"",199514,"ENTREPRENEUR (GB) 1994",206094,"KARAFIYA (IRE) 1996",
32141,2005-02-19,2,"Matamata","Other","Race","Matamata RC","RACING MATAMATA 19 FEB","Good",0,"Fine","Out 2 Metres",127063,10,,Flat,2000,"PRG","DEOSAN NEW ZEALAND LTD 2000",14000.00,18:00:00,"N",52.00,"","","","","Good",0,"Fine",216412,17,1,"Walsburgs Dream","4","m",52.50,4,,,2.10," LEN","Richard Coxon","Matamata",,,700.00,"Cameron Lammas",52.50,0.00,79,0,0,"",193564,"PENTIRE (GB) 1992",12745,"FANTASY FLIGHT (NZ) 1983",
32141,2005-02-19,2,"Matamata","Other","Race","Matamata RC","RACING MATAMATA 19 FEB","Good",0,"Fine","Out 2 Metres",127063,10,,Flat,2000,"PRG","DEOSAN NEW ZEALAND LTD 2000",14000.00,18:00:00,"N",52.00,"","","","","Good",0,"Fine",217507,21,3,"Azapak","4","m",52.00,9,,,5.50," ","M D Moroney","Matamata",,,0.00,"Lee Tiley",52.00,0.00,75,0,0,"",162289,"VOLKSRAAD (GB) 1988",163894,"AZABEEL (NZ) 1992",
