<-- Copyright Notice: (c) 2019 New Zealand Thoroughbred Racing. -->

MeetingID,Date,JetBet,Track,DayType,MeetingType,Club,MeetingName,TrackCondition,TrackConditionScale,TrackWeather,Rail,RaceID,RaceNumber,RaceGroup,RaceType,Distance,RaceClass,RaceName,Stake,Time,NoAllowances,MinWeight,ClassAge,Class,ClassGender,ClassWeight,RaceTrackCondition,RaceTrackConditionScale,RaceWeather,HorseID,ToteNumber,Barrier,HorseName,Age,Gender,Weight,Finishingposition,Actualtime,Last600mTime,Decimalmargin,Traditionalmargin,Trainer,TrainerLocation,StartingPriceWin,StartingPricePlace,Stake,JockeyName,CarriedWeight,WeightDifference,DomesticRating,HurdlesRating,SteeplesRating,GearWorn,SireID,Sire,DamID,Dam
48601,2019-12-26,6,"Wingatui","Feature","Race","Otago RC","OTAGO RC 26 DEC","Slow",8,"Showery","True",204824,1,,Flat,1400,"MDN","KB CONTRACTING MDN 1400",10000.00,12:43:00,"N",,"Unrestricted","Maiden","unrestricted","sw","Slow",8,"Showery",348924,1,12,"Macron","4","g",58.50,1,1.28.72,0.37.90,," 1 3/4 LEN","Barbara Verlinden","Wingatui",17.50,4.50,6250.00,"Terry Moseley",58.50,0.00,49,0,0,"Approved Plates, Lugging Bit, Blinkers",242513,"GUILLOTINE (NZ) 2004",254443,"POINT PARK (NZ) 2006",
48601,2019-12-26,6,"Wingatui","Feature","Race","Otago RC","OTAGO RC 26 DEC","Slow",8,"Showery","True",204824,1,,Flat,1400,"MDN","KB CONTRACTING MDN 1400",10000.00,12:43:00,"N",,"Unrestricted","Maiden","unrestricted","sw","Slow",8,"Showery",346617,2,7,"Renounce","4","g",58.50,8,1.29.56,0.37.92,5.60," ","Nikki & Barrie Blatch","Tapanui",12.30,0.00,0.00,"Samantha Wynne",58.50,0.00,49,0,0,"Approved Plates, Lugging Bit, Blinkers",287687,"SHOWCASING (GB) 2007",269971,"CUT OFF (NZ) 2008",
48601,2019-12-26,6,"Wingatui","Feature","Race","Otago RC","OTAGO RC 26 DEC","Slow",8,"Showery","True",204824,1,,Flat,1400,"MDN","KB CONTRACTING MDN 1400",10000.00,12:43:00,"N",,"Unrestricted","Maiden","unrestricted","sw","Slow",8,"Showery",353877,3,4,"Buck Shellfish","3","g",57.00,2,1.29.00,0.37.79,1.80," 1 1/2 LEN","Sabin Kirkland","Ascot Park",2.90,1.50,2000.00,"Kozzi Asano",55.00,2.00,54,0,0,"Approved Plates, Lugging Bit, Blinkers",313563,"HIGHLY RECOMMENDED (AUS) 2008",257339,"BLUE BLOND (NZ) 2007",
48601,2019-12-26,6,"Wingatui","Feature","Race","Otago RC","OTAGO RC 26 DEC","Slow",8,"Showery","True",204824,1,,Flat,1400,"MDN","KB CONTRACTING MDN 1400",10000.00,12:43:00,"N",,"Unrestricted","Maiden","unrestricted","sw","Slow",8,"Showery",357078,4,2,"Poniard","3","g",57.00,6,1.29.41,0.37.95,4.60," ","Steven Prince","Wingatui",8.60,0.00,0.00,"Jason Laking",57.00,0.00,52,0,0,"Approved Plates, Standard Bit",313564,"RELIABLE MAN (GB) 2008",214098,"LOVE THE LIMELIGHT (NZ) 2000",
48601,2019-12-26,6,"Wingatui","Feature","Race","Otago RC","OTAGO RC 26 DEC","Slow",8,"Showery","True",204824,1,,Flat,1400,"MDN","KB CONTRACTING MDN 1400",10000.00,12:43:00,"N",,"Unrestricted","Maiden","unrestricted","sw","Slow",8,"Showery",359037,5,9,"Country Boy","3","g",57.00,10,1.29.59,0.37.54,6.00," ","Brian & Shane Anderton","Wingatui",51.60,0.00,0.00,"Krishna Mudhoo",57.00,0.00,45,0,0,"Approved Plates, Lugging Bit",338027,"GHIBELLINES (AUS) 2011",221454,"GOLDIE GIRL (NZ) 2001",
48601,2019-12-26,6,"Wingatui","Feature","Race","Otago RC","OTAGO RC 26 DEC","Slow",8,"Showery","True",204824,1,,Flat,1400,"MDN","KB CONTRACTING MDN 1400",10000.00,12:43:00,"N",,"Unrestricted","Maiden","unrestricted","sw","Slow",8,"Showery",357864,6,6,"Zakunda","3","c",57.00,3,1.29.23,0.37.56,3.30," NOSE","Michael & Matthew Pitman","Yaldhurst, Riccarton Park",15.20,4.10,1000.00,"Tina Comignaghi",57.00,0.00,45,0,0,"Approved Plates, Lugging Bit, Side Winkers",313564,"RELIABLE MAN (GB) 2008",222438,"ZARIA (NZ) 2001",
48601,2019-12-26,6,"Wingatui","Feature","Race","Otago RC","OTAGO RC 26 DEC","Slow",8,"Showery","True",204824,1,,Flat,1400,"MDN","KB CONTRACTING MDN 1400",10000.00,12:43:00,"N",,"Unrestricted","Maiden","unrestricted","sw","Slow",8,"Showery",351950,7,8,"Reliable Belle","4","m",56.50,11,1.29.60,0.37.76,6.10," ","Terry Kennedy","Wingatui",5.40,0.00,0.00,"Doni Prastiyou",56.50,0.00,52,0,0,"Approved Plates, Lugging Bit, Side Winkers",313564,"RELIABLE MAN (GB) 2008",254098,"BELLONA (NZ) 2006",
48601,2019-12-26,6,"Wingatui","Feature","Race","Otago RC","OTAGO RC 26 DEC","Slow",8,"Showery","True",204824,1,,Flat,1400,"MDN","KB CONTRACTING MDN 1400",10000.00,12:43:00,"N",,"Unrestricted","Maiden","unrestricted","sw","Slow",8,"Showery",323387,8,5,"Jandles","6","m",56.50,7,1.29.54,0.37.59,5.40," ","Terry Kennedy","Wingatui",13.90,0.00,0.00,"Chris Johnson",56.50,0.00,51,0,0,"Approved Plates, Lugging Bit, Blinkers on, Barrier Blanket",258606,"JIMMY CHOUX (NZ) 2007",234127,"HABITUAL (NZ) 2003",
48601,2019-12-26,6,"Wingatui","Feature","Race","Otago RC","OTAGO RC 26 DEC","Slow",8,"Showery","True",204824,1,,Flat,1400,"MDN","KB CONTRACTING MDN 1400",10000.00,12:43:00,"N",,"Unrestricted","Maiden","unrestricted","sw","Slow",8,"Showery",335073,9,13,"Aye Bee Haitch","5","m",56.50,9,1.29.59,0.37.40,5.90," ","Terry Kennedy","Wingatui",118.70,0.00,0.00,"Brett Murray",54.50,2.00,45,0,0,"Approved Plates, Lugging Bit",277609,"RAISE THE FLAG (GB) 2005",222313,"CURLU (NZ) 2001",
48601,2019-12-26,6,"Wingatui","Feature","Race","Otago RC","OTAGO RC 26 DEC","Slow",8,"Showery","True",204824,1,,Flat,1400,"MDN","KB CONTRACTING MDN 1400",10000.00,12:43:00,"N",,"Unrestricted","Maiden","unrestricted","sw","Slow",8,"Showery",345236,10,1,"Don't Doubt Choux","4","m",56.50,13,1.31.11,0.40.21,16.20," ","Ashley Frye","Balcairn",71.80,0.00,0.00,"Rohan Mudhoo",54.50,2.00,45,0,0,"Approved Plates, Lugging Bit, Bandages",258606,"JIMMY CHOUX (NZ) 2007",210973,"THERE'S NO DOUBT (NZ) 1999",
48601,2019-12-26,6,"Wingatui","Feature","Race","Otago RC","OTAGO RC 26 DEC","Slow",8,"Showery","True",204824,1,,Flat,1400,"MDN","KB CONTRACTING MDN 1400",10000.00,12:43:00,"N",,"Unrestricted","Maiden","unrestricted","sw","Slow",8,"Showery",361816,11,3,"Direct Flight","3","f",55.00,5,1.29.26,0.37.80,3.60," ","Brian & Shane Anderton","Wingatui",5.40,0.00,250.00,"Courtney Barnes",55.00,0.00,53,0,0,"Approved Plates, Standard Bit",338027,"GHIBELLINES (AUS) 2011",292222,"PREFERRED FLIGHT (NZ) 2011",
48601,2019-12-26,6,"Wingatui","Feature","Race","Otago RC","OTAGO RC 26 DEC","Slow",8,"Showery","True",204824,1,,Flat,1400,"MDN","KB CONTRACTING MDN 1400",10000.00,12:43:00,"N",,"Unrestricted","Maiden","unrestricted","sw","Slow",8,"Showery",364520,12,11,"Asathought (AUS)","3","f",55.00,4,1.29.24,0.37.48,3.40," HEAD","Lisa Vaughan","Ascot Park",34.70,0.00,500.00,"Corey Campbell",53.00,2.00,45,0,0,"Approved Plates, Lugging Bit, Blinkers",252271,"SO YOU THINK (NZ) 2006",266514,"ASAVANT (NZ) 2008",
48601,2019-12-26,6,"Wingatui","Feature","Race","Otago RC","OTAGO RC 26 DEC","Slow",8,"Showery","True",204824,1,,Flat,1400,"MDN","KB CONTRACTING MDN 1400",10000.00,12:43:00,"N",,"Unrestricted","Maiden","unrestricted","sw","Slow",8,"Showery",360483,13,10,"Highly Polished","3","f",55.00,12,1.29.60,0.38.20,6.20," ","Andrew Carston","Riccarton Park",54.70,0.00,0.00,"Kylie Williams",55.00,0.00,45,0,0,"Approved Plates, Lugging Bit, Side Winkers",313563,"HIGHLY RECOMMENDED (AUS) 2008",248430,"JULIA (NZ) 2005",
48601,2019-12-26,6,"Wingatui","Feature","Race","Otago RC","OTAGO RC 26 DEC","Slow",8,"Showery","True",204825,2,,Flat,1200,"2&3YO SW+P","TERRY KENNEDY 2 & 3 YO 1200",22500.00,13:16:00,"N",,"2&3yo","Open","unrestricted","sw+p","Slow",8,"Showery",361865,1,4,"El Gladiador","3","g",57.50,5,1.14.96,0.37.75,4.50," ","John & Karen Parsons","Balcairn",7.10,0.00,565.00,"Tina Comignaghi",57.50,0.00,63,0,0,"Approved Plates, Lugging Bit, Visor Blinkers",338027,"GHIBELLINES (AUS) 2011",237704,"QUERELLA (NZ) 2003",
48601,2019-12-26,6,"Wingatui","Feature","Race","Otago RC","OTAGO RC 26 DEC","Slow",8,"Showery","True",204825,2,,Flat,1200,"2&3YO SW+P","TERRY KENNEDY 2 & 3 YO 1200",22500.00,13:16:00,"N",,"2&3yo","Open","unrestricted","sw+p","Slow",8,"Showery",359970,3,2,"Kitty Power","3","f",56.50,4,1.14.92,0.37.73,4.30," 1/2 NECK","Kelvin Tyler & Aimee Tyler","Riverton",6.00,0.00,1125.00,"Kin Kwo",53.50,3.00,64,0,0,"Approved Plates, Lugging Bit, Side Winkers",302210,"DALGHAR (FR) 2006",273147,"COAT DU ROAN (NZ) 2009",
48601,2019-12-26,6,"Wingatui","Feature","Race","Otago RC","OTAGO RC 26 DEC","Slow",8,"Showery","True",204825,2,,Flat,1200,"2&3YO SW+P","TERRY KENNEDY 2 & 3 YO 1200",22500.00,13:16:00,"N",,"2&3yo","Open","unrestricted","sw+p","Slow",8,"Showery",360542,4,8,"Dream Brave","3","g",56.00,8,1.15.86,0.39.00,10.60," ","Rodd McKenzie","Balclutha",51.80,0.00,0.00,"Corey Campbell",54.00,2.00,50,0,0,"Approved Plates, Lugging Bit, Side Winkers",268640,"SUPER EASY (NZ) 2008",242886,"DREAM GIFT (NZ) 2004",
48601,2019-12-26,6,"Wingatui","Feature","Race","Otago RC","OTAGO RC 26 DEC","Slow",8,"Showery","True",204825,2,,Flat,1200,"2&3YO SW+P","TERRY KENNEDY 2 & 3 YO 1200",22500.00,13:16:00,"N",,"2&3yo","Open","unrestricted","sw+p","Slow",8,"Showery",358768,5,3,"Burgundy Rose","3","f",55.50,1,1.14.26,0.37.64,," 2 1/2 LEN","Jamie Richards","Matamata",1.90,1.10,14060.00,"Samantha Wynne",55.50,0.00,64,0,0,"Approved Plates, Lugging Bit, Blinkers, Tongue Tie",268744,"BURGUNDY (NZ) 2008",241235,"PARAIBA (NZ) 2004",
48601,2019-12-26,6,"Wingatui","Feature","Race","Otago RC","OTAGO RC 26 DEC","Slow",8,"Showery","True",204825,2,,Flat,1200,"2&3YO SW+P","TERRY KENNEDY 2 & 3 YO 1200",22500.00,13:16:00,"N",,"2&3yo","Open","unrestricted","sw+p","Slow",8,"Showery",359060,6,5,"Live Drama","3","f",55.50,3,1.14.76,0.38.15,3.30," 1 LEN","Lance Robinson","Riccarton Park",10.80,2.20,2250.00,"Terry Moseley",55.50,0.00,64,0,0,"Approved Plates, Side Winkers",338027,"GHIBELLINES (AUS) 2011",325691,"SHEEZA DRAMA (AUS) 2005",
48601,2019-12-26,6,"Wingatui","Feature","Race","Otago RC","OTAGO RC 26 DEC","Slow",8,"Showery","True",204825,2,,Flat,1200,"2&3YO SW+P","TERRY KENNEDY 2 & 3 YO 1200",22500.00,13:16:00,"N",,"2&3yo","Open","unrestricted","sw+p","Slow",8,"Showery",359405,7,1,"Tears Of An Angel","3","f",55.50,2,1.14.63,0.37.72,2.50," 3/4 LEN","Terri Rae","Riccarton Park",6.20,1.60,4500.00,"Kylie Williams",55.50,0.00,63,0,0,"Approved Plates, Lugging Bit, Blinkers",300392,"ECHOES OF HEAVEN (AUS) 2007",246872,"TRICKLE (NZ) 2005",
48601,2019-12-26,6,"Wingatui","Feature","Race","Otago RC","OTAGO RC 26 DEC","Slow",8,"Showery","True",204825,2,,Flat,1200,"2&3YO SW+P","TERRY KENNEDY 2 & 3 YO 1200",22500.00,13:16:00,"N",,"2&3yo","Open","unrestricted","sw+p","Slow",8,"Showery",360280,8,7,"Intimidate","3","f",55.50,7,1.15.14,0.38.26,5.80," ","Kelvin Tyler & Aimee Tyler","Riverton",12.80,0.00,0.00,"Courtney Barnes",55.50,0.00,62,0,0,"Approved Plates, Lugging Bit",337951,"CHARM SPIRIT (IRE) 2011",265024,"MANDY O'REILLY (NZ) 2008",
48601,2019-12-26,6,"Wingatui","Feature","Race","Otago RC","OTAGO RC 26 DEC","Slow",8,"Showery","True",204825,2,,Flat,1200,"2&3YO SW+P","TERRY KENNEDY 2 & 3 YO 1200",22500.00,13:16:00,"N",,"2&3yo","Open","unrestricted","sw+p","Slow",8,"Showery",362478,9,6,"Ginny","3","f",54.00,6,1.15.07,0.38.37,5.30," ","Terry Kennedy","Wingatui",46.80,0.00,0.00,"Brett Murray",52.50,1.50,47,0,0,"Approved Plates, Lugging Bit, Blinkers",324908,"JAKKALBERRY (IRE) 2006",262365,"HASSLE FREE (NZ) 2007",
48601,2019-12-26,6,"Wingatui","Feature","Race","Otago RC","OTAGO RC 26 DEC","Slow",8,"Showery","True",204820,3,,Flat,2200,"Rating 72 Benchmark","WINGATUI FUNCTION CENTRE R72 2200",25000.00,13:51:00,"N",54.00,"Unrestricted","Rating 72","unrestricted","hcp","Slow",8,"Showery",351732,1,7,"King Of The Dance (AUS)","5","g",61.00,8,2.25.84,0.37.90,5.50," ","Terrill Charles & Peter Corbett","Timaru",4.80,0.00,0.00,"Kozzi Asano",59.00,2.00,74,0,0,"Approved Plates, Lugging Bit, Blinkers",325427,"ANIMAL KINGDOM (USA) 2008",351733,"SPIRITED DANCER (IRE) 2002",
48601,2019-12-26,6,"Wingatui","Feature","Race","Otago RC","OTAGO RC 26 DEC","Slow",8,"Showery","True",204820,3,,Flat,2200,"Rating 72 Benchmark","WINGATUI FUNCTION CENTRE R72 2200",25000.00,13:51:00,"N",54.00,"Unrestricted","Rating 72","unrestricted","hcp","Slow",8,"Showery",313955,3,2,"Standrews Masonic","7","g",59.50,3,2.25.30,0.38.15,1.80," 1/2 LEN","Cheri Trembath","Ashburton",8.10,2.50,2500.00,"Tina Comignaghi",59.50,0.00,71,50,0,"Ear Covers Pre-Race, Approved Plates, Lugging Bit",219144,"D'CASH (AUS) 1996",244680,"LET'S GO SHOPPING (NZ) 2004",
48601,2019-12-26,6,"Wingatui","Feature","Race","Otago RC","OTAGO RC 26 DEC","Slow",8,"Showery","True",204820,3,,Flat,2200,"Rating 72 Benchmark","WINGATUI FUNCTION CENTRE R72 2200",25000.00,13:51:00,"N",54.00,"Unrestricted","Rating 72","unrestricted","hcp","Slow",8,"Showery",343512,5,8,"Kandari","4","g",58.00,2,2.25.13,0.37.90,0.50," 1 1/4 LEN","Terri Rae","Riccarton Park",5.70,1.90,5000.00,"Kylie Williams",58.00,0.00,68,0,0,"Approved Plates, Norton Bit, Blinkers",222919,"KEEPER (AUS) 1997",252978,"PRIME TIME (AUS) 2003",
48601,2019-12-26,6,"Wingatui","Feature","Race","Otago RC","OTAGO RC 26 DEC","Slow",8,"Showery","True",204820,3,,Flat,2200,"Rating 72 Benchmark","WINGATUI FUNCTION CENTRE R72 2200",25000.00,13:51:00,"N",54.00,"Unrestricted","Rating 72","unrestricted","hcp","Slow",8,"Showery",300096,6,6,"Tony Two Chips","8","g",56.50,10,2.26.44,0.38.52,9.60," ","Brian & Shane Anderton","Wingatui",6.90,0.00,0.00,"Corey Campbell",54.50,2.00,65,0,0,"Approved Plates, Lugging Bit, Blinkers",277609,"RAISE THE FLAG (GB) 2005",200118,"SUMTIME (NZ) 1998",
48601,2019-12-26,6,"Wingatui","Feature","Race","Otago RC","OTAGO RC 26 DEC","Slow",8,"Showery","True",204820,3,,Flat,2200,"Rating 72 Benchmark","WINGATUI FUNCTION CENTRE R72 2200",25000.00,13:51:00,"N",54.00,"Unrestricted","Rating 72","unrestricted","hcp","Slow",8,"Showery",339411,7,3,"Cinto Bay","5","m",56.00,7,2.25.81,0.38.07,5.20," ","Les and Richard Didham","Riccarton Park",9.30,0.00,0.00,"Jason Laking",56.00,0.00,68,0,0,"Approved Plates, Lugging Bit, Blinkers",300223,"ZACINTO (GB) 2006",257016,"CARLYON BAY (NZ) 2007",
48601,2019-12-26,6,"Wingatui","Feature","Race","Otago RC","OTAGO RC 26 DEC","Slow",8,"Showery","True",204820,3,,Flat,2200,"Rating 72 Benchmark","WINGATUI FUNCTION CENTRE R72 2200",25000.00,13:51:00,"N",54.00,"Unrestricted","Rating 72","unrestricted","hcp","Slow",8,"Showery",341305,8,9,"Big Wink","4","g",56.00,6,2.25.76,0.37.57,4.90," ","Shane Kennedy & Anna Furlong","Riccarton Park",4.90,0.00,0.00,"Doni Prastiyou",56.00,0.00,64,0,0,"Approved Plates, Lugging Bit, Blinkers, Tongue Tie",287683,"RIP VAN WINKLE (IRE) 2006",277598,"ROC DE CHINE (AUS) 2009",
48601,2019-12-26,6,"Wingatui","Feature","Race","Otago RC","OTAGO RC 26 DEC","Slow",8,"Showery","True",204820,3,,Flat,2200,"Rating 72 Benchmark","WINGATUI FUNCTION CENTRE R72 2200",25000.00,13:51:00,"N",54.00,"Unrestricted","Rating 72","unrestricted","hcp","Slow",8,"Showery",333957,9,4,"The Lustre","5","m",55.50,4,2.25.39,0.37.95,2.30," 1/2 HEAD","Robert Dennis","Woodlands",16.80,0.00,1250.00,"Krishna Mudhoo",55.50,0.00,67,0,0,"Approved Plates, Lugging Bit, Blinkers, Tongue Tie",230462,"DARCI BRAHMA (NZ) 2002",242802,"THE PEARLER (NZ) 2004",
48601,2019-12-26,6,"Wingatui","Feature","Race","Otago RC","OTAGO RC 26 DEC","Slow",8,"Showery","True",204820,3,,Flat,2200,"Rating 72 Benchmark","WINGATUI FUNCTION CENTRE R72 2200",25000.00,13:51:00,"N",54.00,"Unrestricted","Rating 72","unrestricted","hcp","Slow",8,"Showery",306080,10,5,"The Style","7","m",55.50,9,2.25.86,0.38.27,5.80," ","Robert Dennis","Woodlands",21.20,0.00,0.00,"Samantha Wynne",55.50,0.00,67,0,0,"Approved Plates, Standard Bit, Tongue Tie",238003,"THORN PARK (AUS) 1999",184492,"THE FRECKLE (NZ) 1995",
48601,2019-12-26,6,"Wingatui","Feature","Race","Otago RC","OTAGO RC 26 DEC","Slow",8,"Showery","True",204820,3,,Flat,2200,"Rating 72 Benchmark","WINGATUI FUNCTION CENTRE R72 2200",25000.00,13:51:00,"N",54.00,"Unrestricted","Rating 72","unrestricted","hcp","Slow",8,"Showery",327149,11,1,"Zedaam","5","m",54.00,1,2.25.06,0.37.53,," 1/2 LEN","Amber Hoffman","Wingatui",11.00,3.10,15625.00,"Terry Moseley",54.00,0.00,64,0,0,"Approved Plates, Lugging Bit, Tongue Tie",226925,"ZED (NZ) 2002",260176,"AL SHAMEKHA (NZ) 2007",
48601,2019-12-26,6,"Wingatui","Feature","Race","Otago RC","OTAGO RC 26 DEC","Slow",8,"Showery","True",204820,3,,Flat,2200,"Rating 72 Benchmark","WINGATUI FUNCTION CENTRE R72 2200",25000.00,13:51:00,"N",54.00,"Unrestricted","Rating 72","unrestricted","hcp","Slow",8,"Showery",346857,12,10,"Superstition","4","m",54.00,5,2.25.40,0.37.45,2.40," ","Nikki & Barrie Blatch","Tapanui",35.00,0.00,625.00,"Brett Murray",52.50,1.50,62,0,0,"Approved Plates, Lugging Bit",244648,"BACHELOR DUKE (USA) 2001",265997,"AUSPICIOUS (NZ) 2008",
48601,2019-12-26,6,"Wingatui","Feature","Race","Otago RC","OTAGO RC 26 DEC","Slow",8,"Showery","True",204819,4,,Flat,1600,"Rating 82 Benchmark","SPEIGHT'S R82 1600",30000.00,14:27:00,"N",54.00,"Unrestricted","Rating 82","unrestricted","hcp","Slow",8,"Showery",319822,1,5,"Trudeau","6","g",60.00,11,1.43.23,0.40.31,17.00," ","Tony & Lyn Prendergast","West Melton",13.60,0.00,0.00,"Jacob Lowry",60.00,0.00,82,0,0,"Approved Plates, Lugging Bit, Blinkers, Nose Band",211629,"PINS (AUS) 1996",265065,"PARIS CARVER (NZ) 2008",
48601,2019-12-26,6,"Wingatui","Feature","Race","Otago RC","OTAGO RC 26 DEC","Slow",8,"Showery","True",204819,4,,Flat,1600,"Rating 82 Benchmark","SPEIGHT'S R82 1600",30000.00,14:27:00,"N",54.00,"Unrestricted","Rating 82","unrestricted","hcp","Slow",8,"Showery",293466,2,11,"King Pin","8","g",59.50,4,1.41.54,0.38.83,5.70," 1/2 HEAD","Sally McKay","Ascot Park",16.90,0.00,1500.00,"Rohan Mudhoo",57.50,2.00,81,0,0,"Approved Plates, Tongue Control Bit, Side Winkers, Bandages, Nasal Strip, Nose Band, Tongue Tie",211629,"PINS (AUS) 1996",216269,"LOOK AT MOIYE (NZ) 2000",
48601,2019-12-26,6,"Wingatui","Feature","Race","Otago RC","OTAGO RC 26 DEC","Slow",8,"Showery","True",204819,4,,Flat,1600,"Rating 82 Benchmark","SPEIGHT'S R82 1600",30000.00,14:27:00,"N",54.00,"Unrestricted","Rating 82","unrestricted","hcp","Slow",8,"Showery",306100,3,6,"Accidental Offside","7","g",57.00,8,1.41.76,0.39.55,7.20," ","Ellis Winsloe","Gore",45.00,0.00,0.00,"Kylie Williams",57.00,0.00,76,0,0,"Approved Plates, Lugging Bit, Blinkers, Tongue Tie",232838,"NO EXCUSE NEEDED (GB) 1998",224819,"IRISH BABE (NZ) 2001",
48601,2019-12-26,6,"Wingatui","Feature","Race","Otago RC","OTAGO RC 26 DEC","Slow",8,"Showery","True",204819,4,,Flat,1600,"Rating 82 Benchmark","SPEIGHT'S R82 1600",30000.00,14:27:00,"N",54.00,"Unrestricted","Rating 82","unrestricted","hcp","Slow",8,"Showery",300074,4,3,"What's Up Alf","8","g",57.00,12,1.43.87,0.41.41,21.30," ","Kelvin Tyler & Aimee Tyler","Riverton",12.30,0.00,0.00,"Kin Kwo",54.00,3.00,76,0,0,"Approved Plates, Lugging Bit, Tongue Tie",278260,"ROAD TO ROCK (AUS) 2004",222427,"LA MONDO (NZ) 2001",
48601,2019-12-26,6,"Wingatui","Feature","Race","Otago RC","OTAGO RC 26 DEC","Slow",8,"Showery","True",204819,4,,Flat,1600,"Rating 82 Benchmark","SPEIGHT'S R82 1600",30000.00,14:27:00,"N",54.00,"Unrestricted","Rating 82","unrestricted","hcp","Slow",8,"Showery",351209,5,9,"Summer Monsoon (AUS)","5","g",56.00,9,1.42.56,0.39.76,12.50," ","Jamie Richards","Matamata",4.30,0.00,0.00,"Jason Laking",56.00,0.00,74,0,0,"Approved Plates, Lugging Bit, Blinkers, Nose Band, Tongue Tie",250799,"STRATUM (AUS) 2002",351210,"PRINCESS NARINE (AUS) 2006",
48601,2019-12-26,6,"Wingatui","Feature","Race","Otago RC","OTAGO RC 26 DEC","Slow",8,"Showery","True",204819,4,,Flat,1600,"Rating 82 Benchmark","SPEIGHT'S R82 1600",30000.00,14:27:00,"N",54.00,"Unrestricted","Rating 82","unrestricted","hcp","Slow",8,"Showery",322087,6,1,"Shirley Maude","6","m",55.50,2,1.41.04,0.38.55,2.50," 2 3/4 LEN","Lisa Vaughan","Ascot Park",14.40,3.50,6000.00,"Corey Campbell",53.50,2.00,77,0,0,"Approved Plates, Lugging Bit",248728,"FULLY FLEDGED (NZ) 2005",248900,"SET THE TEMPO (NZ) 2005",
48601,2019-12-26,6,"Wingatui","Feature","Race","Otago RC","OTAGO RC 26 DEC","Slow",8,"Showery","True",204819,4,,Flat,1600,"Rating 82 Benchmark","SPEIGHT'S R82 1600",30000.00,14:27:00,"N",54.00,"Unrestricted","Rating 82","unrestricted","hcp","Slow",8,"Showery",321282,7,2,"Bakela","6","g",55.00,3,1.41.47,0.38.74,5.30," LONG NECK","Terry Kennedy","Wingatui",8.80,2.80,3000.00,"Brett Murray",53.00,2.00,72,0,0,"Approved Plates, Lugging Bit, Side Winkers",244648,"BACHELOR DUKE (USA) 2001",214033,"ROUGH CROSSING (NZ) 2000",
48601,2019-12-26,6,"Wingatui","Feature","Race","Otago RC","OTAGO RC 26 DEC","Slow",8,"Showery","True",204819,4,,Flat,1600,"Rating 82 Benchmark","SPEIGHT'S R82 1600",30000.00,14:27:00,"N",54.00,"Unrestricted","Rating 82","unrestricted","hcp","Slow",8,"Showery",341421,8,10,"Tobilicious","4","g",55.00,1,1.40.68,0.37.51,," 2 1/2 LEN","Kelvin Tyler & Aimee Tyler","Riverton",3.70,1.70,18750.00,"Kozzi Asano",53.00,2.00,72,0,0,"Approved Plates, Lugging Bit, Side Winkers",313390,"NATURAL DESTINY (AUS) 2002",274633,"SOPHIE LOUISE (NZ) 2009",
48601,2019-12-26,6,"Wingatui","Feature","Race","Otago RC","OTAGO RC 26 DEC","Slow",8,"Showery","True",204819,4,,Flat,1600,"Rating 82 Benchmark","SPEIGHT'S R82 1600",30000.00,14:27:00,"N",54.00,"Unrestricted","Rating 82","unrestricted","hcp","Slow",8,"Showery",322901,9,12,"Zabay","6","m",54.50,7,1.41.76,0.39.28,7.10," ","Brian & Shane Anderton","Wingatui",11.00,0.00,0.00,"Terry Moseley",54.50,0.00,75,0,0,"Approved Plates, Lugging Bit, Blinkers",212688,"STRAVINSKY (USA) 1996",258915,"OBEY (NZ) 2007",
48601,2019-12-26,6,"Wingatui","Feature","Race","Otago RC","OTAGO RC 26 DEC","Slow",8,"Showery","True",204819,4,,Flat,1600,"Rating 82 Benchmark","SPEIGHT'S R82 1600",30000.00,14:27:00,"N",54.00,"Unrestricted","Rating 82","unrestricted","hcp","Slow",8,"Showery",333411,10,7,"Pinup Coup","5","m",54.00,6,1.41.72,0.39.36,6.80," ","Michael & Matthew Pitman","Yaldhurst, Riccarton Park",8.40,0.00,0.00,"Tina Comignaghi",54.00,0.00,70,0,0,"Approved Plates, Lugging Bit, Side Winkers",211629,"PINS (AUS) 1996",194947,"PYJAMAS (NZ) 1997",
48601,2019-12-26,6,"Wingatui","Feature","Race","Otago RC","OTAGO RC 26 DEC","Slow",8,"Showery","True",204819,4,,Flat,1600,"Rating 82 Benchmark","SPEIGHT'S R82 1600",30000.00,14:27:00,"N",54.00,"Unrestricted","Rating 82","unrestricted","hcp","Slow",8,"Showery",315555,11,8,"To Love You","6","m",54.00,5,1.41.56,0.38.77,5.80," ","Danny Frye","Balcairn",23.40,0.00,750.00,"Chris Johnson",54.00,0.00,70,0,0,"Approved Plates, Concussion Plates (Front), Lugging Bit, Blinkers",287683,"RIP VAN WINKLE (IRE) 2006",224457,"SAKURA CLUDEN (NZ) 2001",
48601,2019-12-26,6,"Wingatui","Feature","Race","Otago RC","OTAGO RC 26 DEC","Slow",8,"Showery","True",204819,4,,Flat,1600,"Rating 82 Benchmark","SPEIGHT'S R82 1600",30000.00,14:27:00,"N",54.00,"Unrestricted","Rating 82","unrestricted","hcp","Slow",8,"Showery",320426,12,4,"Stellacanto","6","m",54.00,10,1.42.70,0.39.52,13.50," ","Maurice Forde","Riverton",58.50,0.00,0.00,"Rahul Beeharry",51.00,3.00,56,0,0,"Approved Plates, Lugging Bit, Blinkers",280637,"PER INCANTO (USA) 2004",210729,"EIGHTY TWENTY (NZ) 1999",
48601,2019-12-26,6,"Wingatui","Feature","Race","Otago RC","OTAGO RC 26 DEC","Slow",8,"Showery","True",204823,5,,Flat,1200,"Rating 65 Benchmark*","ALLIED SECURITY R65 1200",22500.00,15:06:00,"N",54.00,"Unrestricted","Rating 65","unrestricted","hcp","Slow",8,"Showery",347949,1,11,"Deceptio Visus","4","g",59.00,4,1.14.57,0.37.75,3.40," 1/2 LEN","Steven Prince","Wingatui",10.20,0.00,1125.00,"Jason Laking",59.00,0.00,63,0,0,"Approved Plates, Lugging Bit",280637,"PER INCANTO (USA) 2004",197700,"ANZA BELLE (NZ) 1997",
48601,2019-12-26,6,"Wingatui","Feature","Race","Otago RC","OTAGO RC 26 DEC","Slow",8,"Showery","True",204823,5,,Flat,1200,"Rating 65 Benchmark*","ALLIED SECURITY R65 1200",22500.00,15:06:00,"N",54.00,"Unrestricted","Rating 65","unrestricted","hcp","Slow",8,"Showery",336572,2,1,"Gelibolu","5","g",59.00,11,1.15.29,0.38.66,8.30," ","Andrea Dickson","Riverton",18.50,0.00,0.00,"Terry Moseley",59.00,0.00,63,0,0,"Approved Plates, Lugging Bit, Nose Band",276923,"BATTLE PAINT (USA) 2004",216041,"ALBA ZITTA (NZ) 2000",
48601,2019-12-26,6,"Wingatui","Feature","Race","Otago RC","OTAGO RC 26 DEC","Slow",8,"Showery","True",204823,5,,Flat,1200,"Rating 65 Benchmark*","ALLIED SECURITY R65 1200",22500.00,15:06:00,"N",54.00,"Unrestricted","Rating 65","unrestricted","hcp","Slow",8,"Showery",348023,3,9,"Mister Mocha","4","g",59.00,6,1.14.73,0.37.71,4.40," ","Michael & Matthew Pitman","Yaldhurst, Riccarton Park",6.80,0.00,0.00,"Kozzi Asano",57.00,2.00,63,0,0,"Approved Plates, Lugging Bit, Boots",287687,"SHOWCASING (GB) 2007",224363,"MISS MOCHA (NZ) 2001",
48601,2019-12-26,6,"Wingatui","Feature","Race","Otago RC","OTAGO RC 26 DEC","Slow",8,"Showery","True",204823,5,,Flat,1200,"Rating 65 Benchmark*","ALLIED SECURITY R65 1200",22500.00,15:06:00,"N",54.00,"Unrestricted","Rating 65","unrestricted","hcp","Slow",8,"Showery",315792,5,3,"Plutonium","6","g",58.50,9,1.14.98,0.38.61,6.20," ","Jim Burns","Wingatui",5.60,0.00,0.00,"Rohan Mudhoo",56.50,2.00,62,0,0,"Approved Plates, Lugging Bit, Blinkers, Tongue Tie",285139,"SWISS ACE (AUS) 2004",288316,"FLUSTERED (AUS) 2007",
48601,2019-12-26,6,"Wingatui","Feature","Race","Otago RC","OTAGO RC 26 DEC","Slow",8,"Showery","True",204823,5,,Flat,1200,"Rating 65 Benchmark*","ALLIED SECURITY R65 1200",22500.00,15:06:00,"N",54.00,"Unrestricted","Rating 65","unrestricted","hcp","Slow",8,"Showery",349415,6,10,"Kerany","4","m",58.00,5,1.14.65,0.37.37,3.90," ","Terry Kennedy","Wingatui",20.40,0.00,565.00,"Brett Murray",56.00,2.00,65,0,0,"Approved Plates, Lugging Bit, Tongue Tie",215366,"FALKIRK (NZ) 2000",244787,"SUDDERS (NZ) 2004",
48601,2019-12-26,6,"Wingatui","Feature","Race","Otago RC","OTAGO RC 26 DEC","Slow",8,"Showery","True",204823,5,,Flat,1200,"Rating 65 Benchmark*","ALLIED SECURITY R65 1200",22500.00,15:06:00,"N",54.00,"Unrestricted","Rating 65","unrestricted","hcp","Slow",8,"Showery",345126,7,8,"Sweet Oak","4","m",58.00,7,1.14.87,0.38.69,5.40," ","Amanda Schwarz","Invercargill",34.70,0.00,0.00,"Krishna Mudhoo",58.00,0.00,65,0,0,"Approved Plates, Standard Bit, Blinkers, Shadow Roll (1st time)",304111,"SWEET ORANGE (USA) 2007",252137,"GEORGIA OAK (NZ) 2006",
48601,2019-12-26,6,"Wingatui","Feature","Race","Otago RC","OTAGO RC 26 DEC","Slow",8,"Showery","True",204823,5,,Flat,1200,"Rating 65 Benchmark*","ALLIED SECURITY R65 1200",22500.00,15:06:00,"N",54.00,"Unrestricted","Rating 65","unrestricted","hcp","Slow",8,"Showery",304016,8,4,"Tickets On Her","7","m",58.00,8,1.14.91,0.38.23,5.70," ","Maurice Forde","Riverton",15.60,0.00,0.00,"Kin Kwo",55.00,3.00,65,0,0,"Barrier Blindfold, Approved Plates, Lugging Bit, Blinkers",300896,"TICKETS (AUS) 2006",300618,"CUPCAKES (AUS) 2005",
48601,2019-12-26,6,"Wingatui","Feature","Race","Otago RC","OTAGO RC 26 DEC","Slow",8,"Showery","True",204823,5,,Flat,1200,"Rating 65 Benchmark*","ALLIED SECURITY R65 1200",22500.00,15:06:00,"N",54.00,"Unrestricted","Rating 65","unrestricted","hcp","Slow",8,"Showery",336511,9,6,"Juliette","5","m",57.50,3,1.14.50,0.37.87,2.90," 1/2 LEN","Terry Kennedy","Wingatui",5.70,2.00,2250.00,"Jacob Lowry",57.50,0.00,64,0,0,"Approved Plates, Lugging Bit, Side Winkers",311714,"POET'S VOICE (GB) 2007",315024,"REDSCILLA (AUS) 2007",
48601,2019-12-26,6,"Wingatui","Feature","Race","Otago RC","OTAGO RC 26 DEC","Slow",8,"Showery","True",204823,5,,Flat,1200,"Rating 65 Benchmark*","ALLIED SECURITY R65 1200",22500.00,15:06:00,"N",54.00,"Unrestricted","Rating 65","unrestricted","hcp","Slow",8,"Showery",349023,10,7,"Campo","4","g",57.50,12,1.15.55,0.39.47,10.10," ","John & Karen Parsons","Balcairn",21.70,0.00,0.00,"Rahul Beeharry",54.50,3.00,60,0,0,"Approved Plates, Lugging Bit, Blinkers, Tongue Tie",313563,"HIGHLY RECOMMENDED (AUS) 2008",279063,"LEZANI (AUS) 2008",
48601,2019-12-26,6,"Wingatui","Feature","Race","Otago RC","OTAGO RC 26 DEC","Slow",8,"Showery","True",204823,5,,Flat,1200,"Rating 65 Benchmark*","ALLIED SECURITY R65 1200",22500.00,15:06:00,"N",54.00,"Unrestricted","Rating 65","unrestricted","hcp","Slow",8,"Showery",349548,11,2,"Neruda","4","m",57.00,10,1.14.99,0.38.61,6.30," ","Terry Kennedy","Wingatui",14.00,0.00,0.00,"Kylie Williams",57.00,0.00,63,0,0,"Approved Plates, Lugging Bit, Blinkers",211629,"PINS (AUS) 1996",254736,"BELLONET (NZ) 2006",
48601,2019-12-26,6,"Wingatui","Feature","Race","Otago RC","OTAGO RC 26 DEC","Slow",8,"Showery","True",204823,5,,Flat,1200,"Rating 65 Benchmark*","ALLIED SECURITY R65 1200",22500.00,15:06:00,"N",54.00,"Unrestricted","Rating 65","unrestricted","hcp","Slow",8,"Showery",329217,13,5,"Cabernet","5","m",56.00,1,1.14.08,0.36.96,," NOSE","Brian & Shane Anderton","Wingatui",5.20,2.10,14060.00,"Corey Campbell",54.00,2.00,61,0,0,"Approved Plates, Lugging Bit, Blinkers, Tongue Tie",211629,"PINS (AUS) 1996",272230,"MISS AURORA (NZ) 2009",
48601,2019-12-26,6,"Wingatui","Feature","Race","Otago RC","OTAGO RC 26 DEC","Slow",8,"Showery","True",204823,5,,Flat,1200,"Rating 65 Benchmark*","ALLIED SECURITY R65 1200",22500.00,15:06:00,"N",54.00,"Unrestricted","Rating 65","unrestricted","hcp","Slow",8,"Showery",337920,14,12,"Non Blonde","5","m",56.00,2,1.14.08,0.36.63,0.10," 2 3/4 LEN","Sally McKay","Ascot Park",11.80,3.70,4500.00,"Samantha Wynne",56.00,0.00,61,0,0,"Ear Covers Pre-Race, Approved Plates, Lugging Bit, Blinkers, Bandages, Tongue Tie",206002,"BAHHARE (USA) 1994",253745,"TAKAKA (NZ) 2006",
48601,2019-12-26,6,"Wingatui","Feature","Race","Otago RC","OTAGO RC 26 DEC","Slow",8,"Showery","True",203900,6,Listed Race,Flat,1200,"OPN HCP","SOUTHERN WIDE REALTY HAZLETT STAKES OPN 1200",50000.00,15:42:00,"Y",,"Unrestricted","Open","unrestricted","hcp","Slow",8,"Showery",338802,1,11,"Enzo's Lad (AUS)","7","g",60.00,11,1.15.48,0.39.21,14.20," ","Michael & Matthew Pitman","Yaldhurst, Riccarton Park",11.40,0.00,0.00,"Tina Comignaghi",60.00,0.00,101,0,0,"Approved Plates, Lugging Bit, Blinkers",227849,"TESTA ROSSA (AUS) 1996",278565,"SHEERAMA (AUS) 2001",
48601,2019-12-26,6,"Wingatui","Feature","Race","Otago RC","OTAGO RC 26 DEC","Slow",8,"Showery","True",203900,6,Listed Race,Flat,1200,"OPN HCP","SOUTHERN WIDE REALTY HAZLETT STAKES OPN 1200",50000.00,15:42:00,"Y",,"Unrestricted","Open","unrestricted","hcp","Slow",8,"Showery",351929,2,10,"Sensei (AUS)","5","h",59.00,3,1.13.79,0.37.18,3.00," LONG NECK","Michael & Matthew Pitman","Yaldhurst, Riccarton Park",2.40,1.40,5000.00,"Chris Johnson",59.00,0.00,99,0,0,"Approved Plates, Lugging Bit",302049,"DREAM AHEAD (USA) 2008",313387,"SCHIAPARELLI (AUS) 1999",
48601,2019-12-26,6,"Wingatui","Feature","Race","Otago RC","OTAGO RC 26 DEC","Slow",8,"Showery","True",203900,6,Listed Race,Flat,1200,"OPN HCP","SOUTHERN WIDE REALTY HAZLETT STAKES OPN 1200",50000.00,15:42:00,"Y",,"Unrestricted","Open","unrestricted","hcp","Slow",8,"Showery",316333,3,4,"Don Carlo","6","g",57.00,8,1.14.55,0.38.71,7.90," ","Michael Daly","Timaru",6.50,0.00,0.00,"Kylie Williams",57.00,0.00,95,0,0,"Approved Plates, Lugging Bit",280637,"PER INCANTO (USA) 2004",239669,"TURF FIRE (NZ) 2004",
48601,2019-12-26,6,"Wingatui","Feature","Race","Otago RC","OTAGO RC 26 DEC","Slow",8,"Showery","True",203900,6,Listed Race,Flat,1200,"OPN HCP","SOUTHERN WIDE REALTY HAZLETT STAKES OPN 1200",50000.00,15:42:00,"Y",,"Unrestricted","Open","unrestricted","hcp","Slow",8,"Showery",318152,4,5,"Pippi Rea","6","g",56.00,9,1.15.08,0.38.77,11.40," ","John & Karen Parsons","Balcairn",19.10,0.00,0.00,"Jason Laking",56.00,0.00,93,0,0,"Approved Plates, Lugging Bit, Blinkers, Tongue Tie",211629,"PINS (AUS) 1996",229720,"SMITTEN KITTEN (NZ) 2002",
48601,2019-12-26,6,"Wingatui","Feature","Race","Otago RC","OTAGO RC 26 DEC","Slow",8,"Showery","True",203900,6,Listed Race,Flat,1200,"OPN HCP","SOUTHERN WIDE REALTY HAZLETT STAKES OPN 1200",50000.00,15:42:00,"Y",,"Unrestricted","Open","unrestricted","hcp","Slow",8,"Showery",300399,5,12,"Shaara","9","g",53.50,6,1.14.35,0.37.67,6.60," ","Jo-Ann Gordon","Ascot Park",34.10,0.00,0.00,"Krishna Mudhoo",54.00,-0.50,88,0,0,"Approved Plates, Tongue Control Bit, Blinkers",250272,"CASTLEDALE (IRE) 2001",175539,"PERKY LASS (NZ) 1994",
48601,2019-12-26,6,"Wingatui","Feature","Race","Otago RC","OTAGO RC 26 DEC","Slow",8,"Showery","True",203900,6,Listed Race,Flat,1200,"OPN HCP","SOUTHERN WIDE REALTY HAZLETT STAKES OPN 1200",50000.00,15:42:00,"Y",,"Unrestricted","Open","unrestricted","hcp","Slow",8,"Showery",312307,7,2,"Rocanto","7","g",53.00,4,1.13.86,0.38.10,3.40," LONG NECK","Stephen Marsh","Cambridge",6.20,0.00,2500.00,"Samantha Wynne",53.00,0.00,87,0,0,"Approved Plates, Lugging Bit",280637,"PER INCANTO (USA) 2004",234371,"ROMANTIC LIAISONS (NZ) 2003",
48601,2019-12-26,6,"Wingatui","Feature","Race","Otago RC","OTAGO RC 26 DEC","Slow",8,"Showery","True",203900,6,Listed Race,Flat,1200,"OPN HCP","SOUTHERN WIDE REALTY HAZLETT STAKES OPN 1200",50000.00,15:42:00,"Y",,"Unrestricted","Open","unrestricted","hcp","Slow",8,"Showery",302977,8,1,"Johnny Jones","7","g",53.00,10,1.15.46,0.39.79,13.90," ","John & Karen Parsons","Balcairn",25.80,0.00,0.00,"Doni Prastiyou",53.00,0.00,86,0,0,"Approved Plates, Lugging Bit, Visor Blinkers, Tongue Tie",211629,"PINS (AUS) 1996",138636,"RAINING (NZ) 1989",
48601,2019-12-26,6,"Wingatui","Feature","Race","Otago RC","OTAGO RC 26 DEC","Slow",8,"Showery","True",203900,6,Listed Race,Flat,1200,"OPN HCP","SOUTHERN WIDE REALTY HAZLETT STAKES OPN 1200",50000.00,15:42:00,"Y",,"Unrestricted","Open","unrestricted","hcp","Slow",8,"Showery",339722,9,7,"Raise You Ten","6","g",53.00,2,1.13.58,0.37.36,1.50," 1 1/2 LEN","Brian & Shane Anderton","Wingatui",42.50,8.10,10000.00,"Corey Campbell",53.00,0.00,85,0,0,"Approved Plates, Lugging Bit, Blinkers, Tongue Tie",277609,"RAISE THE FLAG (GB) 2005",265491,"MOLLY MALONE (NZ) 2007",
48601,2019-12-26,6,"Wingatui","Feature","Race","Otago RC","OTAGO RC 26 DEC","Slow",8,"Showery","True",203900,6,Listed Race,Flat,1200,"OPN HCP","SOUTHERN WIDE REALTY HAZLETT STAKES OPN 1200",50000.00,15:42:00,"Y",,"Unrestricted","Open","unrestricted","hcp","Slow",8,"Showery",349933,11,3,"Exemplar","4","m",53.00,7,1.14.48,0.38.41,7.40," ","Michael & Matthew Pitman","Yaldhurst, Riccarton Park",11.00,0.00,0.00,"Terry Moseley",53.00,0.00,77,0,0,"Approved Plates, Lugging Bit, Nose Band",287687,"SHOWCASING (GB) 2007",232539,"CABAL (NZ) 2002",
48601,2019-12-26,6,"Wingatui","Feature","Race","Otago RC","OTAGO RC 26 DEC","Slow",8,"Showery","True",203900,6,Listed Race,Flat,1200,"OPN HCP","SOUTHERN WIDE REALTY HAZLETT STAKES OPN 1200",50000.00,15:42:00,"Y",,"Unrestricted","Open","unrestricted","hcp","Slow",8,"Showery",333955,12,6,"The Precious One","5","m",53.00,1,1.13.34,0.37.25,," 1 1/2 LEN","Claire Anderton","Wingatui",12.30,2.70,31250.00,"Brett Murray",53.00,0.00,77,0,0,"Approved Plates, Lugging Bit, Tongue Tie",230462,"DARCI BRAHMA (NZ) 2002",209935,"THE JEWEL (NZ) 1999",
48601,2019-12-26,6,"Wingatui","Feature","Race","Otago RC","OTAGO RC 26 DEC","Slow",8,"Showery","True",203900,6,Listed Race,Flat,1200,"OPN HCP","SOUTHERN WIDE REALTY HAZLETT STAKES OPN 1200",50000.00,15:42:00,"Y",,"Unrestricted","Open","unrestricted","hcp","Slow",8,"Showery",317722,13,8,"Always On Call","6","m",53.00,5,1.13.93,0.37.93,3.80," ","Terry Kennedy","Wingatui",19.00,0.00,1250.00,"Kozzi Asano",53.00,0.00,74,0,0,"Approved Plates, Lugging Bit, Blinkers",276923,"BATTLE PAINT (USA) 2004",225439,"DUBAI CENTURY (AUS) 1997",
48601,2019-12-26,6,"Wingatui","Feature","Race","Otago RC","OTAGO RC 26 DEC","Slow",8,"Showery","True",204821,7,,Flat,1400,"Rating 72 Benchmark","WHITE ROBE LODGE R72 1400",25000.00,16:15:00,"N",54.00,"Unrestricted","Rating 72","unrestricted","hcp","Slow",8,"Showery",322751,1,2,"Nopele","6","g",59.50,6,1.29.35,0.37.59,3.60," ","Jo-Ann Gordon","Ascot Park",15.50,0.00,0.00,"Rahul Beeharry",56.50,3.00,71,0,0,"Approved Plates, Blinkers, Tongue Tie",300510,"BULLBARS (AUS) 2007",245128,"STORM BUBBLE (NZ) 2005",
48601,2019-12-26,6,"Wingatui","Feature","Race","Otago RC","OTAGO RC 26 DEC","Slow",8,"Showery","True",204821,7,,Flat,1400,"Rating 72 Benchmark","WHITE ROBE LODGE R72 1400",25000.00,16:15:00,"N",54.00,"Unrestricted","Rating 72","unrestricted","hcp","Slow",8,"Showery",283173,2,10,"Teddytwinkletoes","9","g",59.50,12,1.30.46,0.38.95,11.10," ","Andrea Dickson","Riverton",40.70,0.00,0.00,"Kin Kwo",56.50,3.00,71,57,0,"Approved Plates (1st time), Standard Bit (1st time)",253399,"REMIND (USA) 2000",240963,"FANCYALIGNDOWN (NZ) 2004",
48601,2019-12-26,6,"Wingatui","Feature","Race","Otago RC","OTAGO RC 26 DEC","Slow",8,"Showery","True",204821,7,,Flat,1400,"Rating 72 Benchmark","WHITE ROBE LODGE R72 1400",25000.00,16:15:00,"N",54.00,"Unrestricted","Rating 72","unrestricted","hcp","Slow",8,"Showery",334120,3,12,"Magnify","5","g",59.00,3,1.28.91,0.38.05,0.50," 3/4 LEN","Terri Rae","Riccarton Park",5.00,2.20,2500.00,"Chris Johnson",59.00,0.00,70,0,0,"Approved Plates, Norton Bit, Blinkers",250799,"STRATUM (AUS) 2002",326013,"DEVIL CHILD (AUS) 2005",
48601,2019-12-26,6,"Wingatui","Feature","Race","Otago RC","OTAGO RC 26 DEC","Slow",8,"Showery","True",204821,7,,Flat,1400,"Rating 72 Benchmark","WHITE ROBE LODGE R72 1400",25000.00,16:15:00,"N",54.00,"Unrestricted","Rating 72","unrestricted","hcp","Slow",8,"Showery",331293,4,8,"Beneficial","5","m",58.50,2,1.28.88,0.37.66,0.30," HEAD","Ross Beckett","Yaldhurst",7.70,2.70,5000.00,"Jason Laking",58.50,0.00,73,0,0,"Approved Plates, Lugging Bit",313563,"HIGHLY RECOMMENDED (AUS) 2008",241342,"LA GENEROSE (NZ) 2004",
48601,2019-12-26,6,"Wingatui","Feature","Race","Otago RC","OTAGO RC 26 DEC","Slow",8,"Showery","True",204821,7,,Flat,1400,"Rating 72 Benchmark","WHITE ROBE LODGE R72 1400",25000.00,16:15:00,"N",54.00,"Unrestricted","Rating 72","unrestricted","hcp","Slow",8,"Showery",345007,5,4,"Clooney","4","g",58.50,13,1.30.76,0.39.27,13.10," ","Bevan & Robyn Wilson","Ashburton",6.40,0.00,0.00,"Terry Moseley",58.50,0.00,69,0,0,"Ear Covers Pre-Race, Approved Plates, Tongue Control Bit",313325,"POWER (GB) 2009",258274,"ROYAL GOVERNESS (NZ) 2007",
48601,2019-12-26,6,"Wingatui","Feature","Race","Otago RC","OTAGO RC 26 DEC","Slow",8,"Showery","True",204821,7,,Flat,1400,"Rating 72 Benchmark","WHITE ROBE LODGE R72 1400",25000.00,16:15:00,"N",54.00,"Unrestricted","Rating 72","unrestricted","hcp","Slow",8,"Showery",333956,6,7,"The Sparkle","5","m",58.00,5,1.29.08,0.37.38,1.80," ","Robert Dennis","Woodlands",29.70,0.00,625.00,"Jacob Lowry",58.00,0.00,72,0,0,"Approved Plates, Lugging Bit, Blinkers (1st time), Tongue Tie",230462,"DARCI BRAHMA (NZ) 2002",223820,"THE DAZZLER (NZ) 2001",
48601,2019-12-26,6,"Wingatui","Feature","Race","Otago RC","OTAGO RC 26 DEC","Slow",8,"Showery","True",204821,7,,Flat,1400,"Rating 72 Benchmark","WHITE ROBE LODGE R72 1400",25000.00,16:15:00,"N",54.00,"Unrestricted","Rating 72","unrestricted","hcp","Slow",8,"Showery",320230,7,9,"Tuilana","6","m",58.00,10,1.29.86,0.37.87,7.10," ","Neil Coulbeck","Leithfield",24.70,0.00,0.00,"Tina Comignaghi",58.00,0.00,72,0,0,"Approved Plates, Standard Bit",287687,"SHOWCASING (GB) 2007",247227,"VALDERAMA (NZ) 2005",
48601,2019-12-26,6,"Wingatui","Feature","Race","Otago RC","OTAGO RC 26 DEC","Slow",8,"Showery","True",204821,7,,Flat,1400,"Rating 72 Benchmark","WHITE ROBE LODGE R72 1400",25000.00,16:15:00,"N",54.00,"Unrestricted","Rating 72","unrestricted","hcp","Slow",8,"Showery",322112,8,3,"Miss Doherty","6","m",57.50,14,1.30.84,0.39.70,13.60," ","Danny Crozier","Riccarton Park",12.00,0.00,0.00,"Kylie Williams",57.50,0.00,71,0,0,"Approved Plates, Lugging Bit, Blinkers",255989,"IFFRAAJ (GB) 2001",249511,"TINKERBABU (AUS) 2005",
48601,2019-12-26,6,"Wingatui","Feature","Race","Otago RC","OTAGO RC 26 DEC","Slow",8,"Showery","True",204821,7,,Flat,1400,"Rating 72 Benchmark","WHITE ROBE LODGE R72 1400",25000.00,16:15:00,"N",54.00,"Unrestricted","Rating 72","unrestricted","hcp","Slow",8,"Showery",333669,9,6,"So Natural","5","g",57.50,4,1.29.02,0.37.20,1.30," 1/2 LEN","Amanda Schwarz","Invercargill",31.10,0.00,1250.00,"Krishna Mudhoo",57.50,0.00,67,0,0,"Barrier Blindfold, Approved Plates, Lugging Bit, Blinkers",313390,"NATURAL DESTINY (AUS) 2002",271943,"WAITIN AWHILE (NZ) 2009",
48601,2019-12-26,6,"Wingatui","Feature","Race","Otago RC","OTAGO RC 26 DEC","Slow",8,"Showery","True",204821,7,,Flat,1400,"Rating 72 Benchmark","WHITE ROBE LODGE R72 1400",25000.00,16:15:00,"N",54.00,"Unrestricted","Rating 72","unrestricted","hcp","Slow",8,"Showery",330057,10,13,"Stella Daze","5","m",56.50,7,1.29.39,0.37.43,3.90," ","Nicky Lloyd","Riccarton Park",15.40,0.00,0.00,"Rohan Mudhoo",54.50,2.00,69,0,0,"Ear Covers Pre-Race, Approved Plates, Lugging Bit, Side Winkers",257403,"HE'S REMARKABLE (NZ) 2007",246564,"LADY STELLA (NZ) 2005",
48601,2019-12-26,6,"Wingatui","Feature","Race","Otago RC","OTAGO RC 26 DEC","Slow",8,"Showery","True",204821,7,,Flat,1400,"Rating 72 Benchmark","WHITE ROBE LODGE R72 1400",25000.00,16:15:00,"N",54.00,"Unrestricted","Rating 72","unrestricted","hcp","Slow",8,"Showery",308856,11,14,"Taieri Gem","7","m",56.50,8,1.29.49,0.38.07,4.40," ","Brian & Shane Anderton","Wingatui",40.90,0.00,0.00,"Courtney Barnes",56.50,0.00,69,0,0,"Approved Plates, Lugging Bit, Side Winkers, Tongue Tie",255627,"GALLANT GURU (AUS) 2002",235777,"LA GEM (NZ) 2003",
48601,2019-12-26,6,"Wingatui","Feature","Race","Otago RC","OTAGO RC 26 DEC","Slow",8,"Showery","True",204821,7,,Flat,1400,"Rating 72 Benchmark","WHITE ROBE LODGE R72 1400",25000.00,16:15:00,"N",54.00,"Unrestricted","Rating 72","unrestricted","hcp","Slow",8,"Showery",359253,12,11,"He's Got Power","3","g",56.50,1,1.28.84,0.37.68,," NECK","Kelvin Tyler & Aimee Tyler","Riverton",8.10,2.80,15625.00,"Kozzi Asano",54.50,2.00,68,0,0,"Approved Plates, Lugging Bit, Blinkers",313325,"POWER (GB) 2009",246554,"KEEPEREEL (NZ) 2005",
48601,2019-12-26,6,"Wingatui","Feature","Race","Otago RC","OTAGO RC 26 DEC","Slow",8,"Showery","True",204821,7,,Flat,1400,"Rating 72 Benchmark","WHITE ROBE LODGE R72 1400",25000.00,16:15:00,"N",54.00,"Unrestricted","Rating 72","unrestricted","hcp","Slow",8,"Showery",344359,13,5,"Severine","4","m",56.00,9,1.29.84,0.38.91,6.90," ","Andrew Carston","Riccarton Park",5.10,0.00,0.00,"Samantha Wynne",56.00,0.00,68,0,0,"Approved Plates, Lugging Bit, Blinkers",211629,"PINS (AUS) 1996",265065,"PARIS CARVER (NZ) 2008",
48601,2019-12-26,6,"Wingatui","Feature","Race","Otago RC","OTAGO RC 26 DEC","Slow",8,"Showery","True",204821,7,,Flat,1400,"Rating 72 Benchmark","WHITE ROBE LODGE R72 1400",25000.00,16:15:00,"N",54.00,"Unrestricted","Rating 72","unrestricted","hcp","Slow",8,"Showery",300489,15,1,"Touch The Sky","8","m",55.50,11,1.30.31,0.38.96,10.10," ","Ashley Frye","Balcairn",55.20,0.00,0.00,"Brett Murray",53.50,2.00,67,0,0,"Approved Plates, Concussion Plates (Front) (1st time), Lugging Bit, Bandages, Nasal Strip, Tongue Tie",238720,"EKRAAR (USA) 1997",202996,"ANTICIPATION (NZ) 1998",
48601,2019-12-26,6,"Wingatui","Feature","Race","Otago RC","OTAGO RC 26 DEC","Slow",8,"Showery","True",204822,8,,Flat,1600,"Rating 65 Benchmark*","BEAUMONT DUAL CODE 23RD MARCH 2020 R65 1600",22500.00,16:52:00,"N",54.00,"Unrestricted","Rating 65","unrestricted","hcp","Slow",8,"Showery",346690,1,1,"Highly Unlikely","4","g",59.00,13,1.45.31,0.42.34,22.30," ","Michael & Matthew Pitman","Yaldhurst, Riccarton Park",5.50,0.00,0.00,"Kozzi Asano",57.00,2.00,62,0,0,"Approved Plates, Lugging Bit, Blinkers",287689,"MAKFI (GB) 2007",181683,"CLIPJOINT (NZ) 1995",
48601,2019-12-26,6,"Wingatui","Feature","Race","Otago RC","OTAGO RC 26 DEC","Slow",8,"Showery","True",204822,8,,Flat,1600,"Rating 65 Benchmark*","BEAUMONT DUAL CODE 23RD MARCH 2020 R65 1600",22500.00,16:52:00,"N",54.00,"Unrestricted","Rating 65","unrestricted","hcp","Slow",8,"Showery",348815,2,13,"Nazare","4","g",59.00,10,1.44.16,0.41.08,14.50," ","Joanne Hillis","Wingatui",6.50,0.00,0.00,"Samantha Wynne",59.00,0.00,62,0,0,"Ear Covers Pre-Race, Approved Plates, Lugging Bit, Side Winkers",257403,"HE'S REMARKABLE (NZ) 2007",189251,"DISTINCTION (NZ) 1996",
48601,2019-12-26,6,"Wingatui","Feature","Race","Otago RC","OTAGO RC 26 DEC","Slow",8,"Showery","True",204822,8,,Flat,1600,"Rating 65 Benchmark*","BEAUMONT DUAL CODE 23RD MARCH 2020 R65 1600",22500.00,16:52:00,"N",54.00,"Unrestricted","Rating 65","unrestricted","hcp","Slow",8,"Showery",342913,3,5,"Ray's In Command","4","g",59.00,6,1.42.74,0.39.06,4.70," ","Terry Kennedy","Wingatui",33.90,0.00,0.00,"Terry Moseley",59.00,0.00,62,0,0,"Approved Plates, Lugging Bit, Blinkers",277609,"RAISE THE FLAG (GB) 2005",248332,"KAY'S COMMAND (NZ) 2005",
48601,2019-12-26,6,"Wingatui","Feature","Race","Otago RC","OTAGO RC 26 DEC","Slow",8,"Showery","True",204822,8,,Flat,1600,"Rating 65 Benchmark*","BEAUMONT DUAL CODE 23RD MARCH 2020 R65 1600",22500.00,16:52:00,"N",54.00,"Unrestricted","Rating 65","unrestricted","hcp","Slow",8,"Showery",357910,5,7,"Tamalin","3","g",58.00,4,1.42.58,0.38.99,3.60," 3/4 LEN","Michael Daly","Timaru",9.60,0.00,1125.00,"Kylie Williams",58.00,0.00,63,0,0,"Approved Plates, Lugging Bit, Blinkers",248656,"TAVISTOCK (NZ) 2005",279999,"MISS RHYTHMIC (NZ) 2010",
48601,2019-12-26,6,"Wingatui","Feature","Race","Otago RC","OTAGO RC 26 DEC","Slow",8,"Showery","True",204822,8,,Flat,1600,"Rating 65 Benchmark*","BEAUMONT DUAL CODE 23RD MARCH 2020 R65 1600",22500.00,16:52:00,"N",54.00,"Unrestricted","Rating 65","unrestricted","hcp","Slow",8,"Showery",319556,6,4,"Crispin","6","m",57.50,1,0.00.00,0.38.31,," 1 1/2 LEN","Brian & Shane Anderton","Wingatui",8.00,2.40,14060.00,"Corey Campbell",55.50,2.00,63,0,0,"Ear Covers Pre-Race, Approved Plates, Norton Bit, Blinkers",277609,"RAISE THE FLAG (GB) 2005",235773,"RED STILETTOS (NZ) 2003",
48601,2019-12-26,6,"Wingatui","Feature","Race","Otago RC","OTAGO RC 26 DEC","Slow",8,"Showery","True",204822,8,,Flat,1600,"Rating 65 Benchmark*","BEAUMONT DUAL CODE 23RD MARCH 2020 R65 1600",22500.00,16:52:00,"N",54.00,"Unrestricted","Rating 65","unrestricted","hcp","Slow",8,"Showery",328705,7,12,"Rosso Cavalla","5","m",57.50,14,1.45.63,0.42.95,24.60," ","Terrill Charles & Peter Corbett","Timaru",33.70,0.00,0.00,"Doni Prastiyou",57.50,0.00,63,0,0,"Approved Plates, Lugging Bit, Blinkers",301937,"REDWOOD (GB) 2006",311711,"PROCIDA (AUS) 2007",
48601,2019-12-26,6,"Wingatui","Feature","Race","Otago RC","OTAGO RC 26 DEC","Slow",8,"Showery","True",204822,8,,Flat,1600,"Rating 65 Benchmark*","BEAUMONT DUAL CODE 23RD MARCH 2020 R65 1600",22500.00,16:52:00,"N",54.00,"Unrestricted","Rating 65","unrestricted","hcp","Slow",8,"Showery",348449,8,14,"Secret Sound","4","m",57.50,8,1.43.01,0.40.24,6.70," ","Terry Kennedy","Wingatui",11.50,0.00,0.00,"Brett Murray",55.50,2.00,63,0,0,"Approved Plates, Lugging Bit, Side Winkers",203120,"TOWKAY (AUS) 1994",234805,"YODEL (NZ) 2003",
48601,2019-12-26,6,"Wingatui","Feature","Race","Otago RC","OTAGO RC 26 DEC","Slow",8,"Showery","True",204822,8,,Flat,1600,"Rating 65 Benchmark*","BEAUMONT DUAL CODE 23RD MARCH 2020 R65 1600",22500.00,16:52:00,"N",54.00,"Unrestricted","Rating 65","unrestricted","hcp","Slow",8,"Showery",308866,10,2,"Countess Ruby","7","m",57.00,12,1.44.93,0.41.94,19.80," ","Terry Kennedy","Wingatui",40.90,0.00,0.00,"Rohan Mudhoo",55.00,2.00,62,0,0,"Approved Plates, Lugging Bit, Blinkers, Barrier Blanket",277609,"RAISE THE FLAG (GB) 2005",235782,"SUSTAIN (NZ) 2003",
48601,2019-12-26,6,"Wingatui","Feature","Race","Otago RC","OTAGO RC 26 DEC","Slow",8,"Showery","True",204822,8,,Flat,1600,"Rating 65 Benchmark*","BEAUMONT DUAL CODE 23RD MARCH 2020 R65 1600",22500.00,16:52:00,"N",54.00,"Unrestricted","Rating 65","unrestricted","hcp","Slow",8,"Showery",351949,11,8,"Havana Heights","5","m",57.00,9,1.44.03,0.41.09,13.50," ","Terry Kennedy","Wingatui",8.00,0.00,0.00,"Courtney Barnes",57.00,0.00,62,0,0,"Approved Plates, Lugging Bit",271252,"TEOFILO (IRE) 2004",209404,"POLKA (NZ) 1999",
48601,2019-12-26,6,"Wingatui","Feature","Race","Otago RC","OTAGO RC 26 DEC","Slow",8,"Showery","True",204822,8,,Flat,1600,"Rating 65 Benchmark*","BEAUMONT DUAL CODE 23RD MARCH 2020 R65 1600",22500.00,16:52:00,"N",54.00,"Unrestricted","Rating 65","unrestricted","hcp","Slow",8,"Showery",315819,12,9,"Marquita Miss","6","m",57.00,7,1.42.88,0.39.28,5.70," ","Terry Kennedy","Wingatui",15.30,0.00,0.00,"Jason Laking",57.00,0.00,62,0,0,"Approved Plates, Lugging Bit, Blinkers, Bandages",225552,"POSTPONED (USA) 1997",300565,"MARENDEZ (AUS) 2001",
48601,2019-12-26,6,"Wingatui","Feature","Race","Otago RC","OTAGO RC 26 DEC","Slow",8,"Showery","True",204822,8,,Flat,1600,"Rating 65 Benchmark*","BEAUMONT DUAL CODE 23RD MARCH 2020 R65 1600",22500.00,16:52:00,"N",54.00,"Unrestricted","Rating 65","unrestricted","hcp","Slow",8,"Showery",333384,13,3,"Out Of The Park","5","m",57.00,5,1.42.72,0.39.46,4.40," ","Robert Dennis","Woodlands",9.10,0.00,565.00,"Jacob Lowry",57.50,-0.50,62,0,0,"Approved Plates, Lugging Bit",265282,"OCEAN PARK (NZ) 2008",241041,"UNDER AND OVER (NZ) 2004",
48601,2019-12-26,6,"Wingatui","Feature","Race","Otago RC","OTAGO RC 26 DEC","Slow",8,"Showery","True",204822,8,,Flat,1600,"Rating 65 Benchmark*","BEAUMONT DUAL CODE 23RD MARCH 2020 R65 1600",22500.00,16:52:00,"N",54.00,"Unrestricted","Rating 65","unrestricted","hcp","Slow",8,"Showery",331827,14,10,"Fine Bouquet","5","m",56.50,3,1.42.57,0.38.96,3.50," 1/2 HEAD","Amber Hoffman","Wingatui",21.70,6.00,2250.00,"Kin Kwo",53.50,3.00,61,0,0,"Approved Plates, Lugging Bit, Blinkers, Tongue Tie",268744,"BURGUNDY (NZ) 2008",240583,"ENSORCELEZ (NZ) 2004",
48601,2019-12-26,6,"Wingatui","Feature","Race","Otago RC","OTAGO RC 26 DEC","Slow",8,"Showery","True",204822,8,,Flat,1600,"Rating 65 Benchmark*","BEAUMONT DUAL CODE 23RD MARCH 2020 R65 1600",22500.00,16:52:00,"N",54.00,"Unrestricted","Rating 65","unrestricted","hcp","Slow",8,"Showery",329894,15,11,"Spectra","5","m",56.00,2,1.42.29,0.39.02,1.50," 2 LEN","Terry Kennedy","Wingatui",35.10,9.00,4500.00,"Krishna Mudhoo",56.00,0.00,60,0,0,"Approved Plates, Lugging Bit, Blinkers",313564,"RELIABLE MAN (GB) 2008",250009,"CONSUMER (AUS) 2001",
48601,2019-12-26,6,"Wingatui","Feature","Race","Otago RC","OTAGO RC 26 DEC","Slow",8,"Showery","True",204822,8,,Flat,1600,"Rating 65 Benchmark*","BEAUMONT DUAL CODE 23RD MARCH 2020 R65 1600",22500.00,16:52:00,"N",54.00,"Unrestricted","Rating 65","unrestricted","hcp","Slow",8,"Showery",334897,17,6,"She's Fun","5","m",55.50,11,1.44.60,0.41.70,17.50," ","Tommy Beckett","Ascot Park",12.40,0.00,0.00,"Tina Comignaghi",55.50,0.00,59,0,0,"Approved Plates, Bar Plates (Front) on, Norton Bit, Blinkers, Bandages, Tongue Tie",313563,"HIGHLY RECOMMENDED (AUS) 2008",198225,"MORPHUN (NZ) 1997",
